Label: climbing_hold    Predictions: [1.0000000e+00 9.5212468e-28 2.0076710e-23 3.1221580e-20 7.5462615e-17
 3.9012752e-26 1.2228834e-27 6.2112858e-27 5.6928224e-19 1.0843706e-18]
Label: climbing_hold    Predictions: [1.00000000e+00 8.86754476e-26 5.87018587e-22 1.03605205e-19
 1.10394725e-15 8.94473800e-25 9.85979743e-26 8.63148923e-25
 1.22093653e-17 1.29484041e-17]
Label: climbing_hold    Predictions: [1.00000000e+00 2.61114350e-17 2.08058820e-15 1.55159718e-12
 5.57505810e-13 2.86012156e-17 1.35983124e-17 1.37239110e-16
 1.67471844e-13 2.44456567e-15]
Label: climbing_hold    Predictions: [1.0000000e+00 5.3865578e-15 6.5789395e-14 1.2838419e-11 8.7496659e-12
 1.1264129e-14 2.8055309e-16 1.9035510e-14 2.1561197e-12 5.5967688e-14]
Label: climbing_hold    Predictions: [1.0000000e+00 2.1601040e-16 4.9136764e-14 1.4919836e-11 1.8253930e-11
 6.7966056e-16 5.3814382e-17 5.5074612e-16 1.6895388e-12 5.2105525e-12]
Label: climbing_hold    Predictions: [1.0000000e+00 2.9124988e-23 2.8279069e-20 5.2497633e-17 3.6826011e-15
 2.0658776e-23 1.5628723e-23 9.4587875e-23 1.1273316e-16 6.8770069e-17]
Label: climbing_hold    Predictions: [1.0000000e+00 3.4720788e-25 4.7714079e-22 9.1353174e-20 3.2357696e-15
 1.4780440e-24 5.2594811e-26 1.7160341e-23 1.9517190e-19 7.6636200e-21]
Label: climbing_hold    Predictions: [1.00000000e+00 4.76289678e-22 1.60929177e-18 1.10378246e-16
 3.05132032e-14 1.69376846e-20 2.18980881e-21 7.30280927e-21
 3.52218915e-15 6.97479328e-15]
Label: climbing_hold    Predictions: [1.00000000e+00 3.70348717e-26 2.31497985e-23 5.95269946e-21
 1.70642381e-17 6.39158648e-26 6.80837421e-27 4.58112531e-25
 1.09087085e-20 4.45892456e-22]
Label: climbing_hold    Predictions: [1.0000000e+00 9.6821111e-28 2.0338958e-23 3.1995524e-20 7.9735427e-17
 3.9512545e-26 1.2645157e-27 6.4674923e-27 5.8646211e-19 1.1290089e-18]
Label: climbing_hold    Predictions: [1.0000000e+00 4.9331489e-23 1.6689981e-20 4.5625504e-18 6.3046838e-16
 3.6695328e-22 2.6243968e-23 3.7176086e-21 1.0879925e-17 6.5714221e-19]
Label: climbing_hold    Predictions: [1.0000000e+00 1.1900117e-27 1.1226456e-23 1.7638223e-20 9.6419534e-17
 2.0093461e-26 8.0662255e-28 4.7188485e-27 5.4321085e-19 5.0332979e-19]
Label: climbing_hold    Predictions: [1.0000000e+00 1.9415645e-15 2.6941728e-14 4.9937363e-12 6.7175258e-12
 3.7749539e-15 1.2091136e-16 6.4042641e-15 8.9259942e-13 3.2817909e-14]
Label: climbing_hold    Predictions: [1.0000000e+00 8.1571510e-17 6.5084927e-15 8.4800418e-13 8.2179827e-12
 6.3114906e-17 2.1128107e-17 3.4309239e-16 5.1649744e-13 8.4349303e-15]
Label: climbing_hold    Predictions: [1.00000000e+00 3.31031073e-27 3.65438631e-24 8.95882143e-22
 1.07361194e-17 5.33000804e-27 2.66705090e-28 1.16580342e-25
 1.28097844e-21 6.60022501e-23]
Label: climbing_hold    Predictions: [1.0000000e+00 4.1083387e-27 4.3827968e-24 8.3574550e-22 9.9442603e-18
 6.2024782e-27 3.3848057e-28 1.1571151e-25 1.5785242e-21 6.9486592e-23]
Label: climbing_hold    Predictions: [1.0000000e+00 3.2219425e-27 3.1425002e-24 6.0498982e-22 6.9261830e-18
 3.9888555e-27 2.4345640e-28 7.3246358e-26 1.1538601e-21 5.3465546e-23]
Label: climbing_hold    Predictions: [1.00000000e+00 1.19800322e-23 7.51857869e-20 4.07624845e-17
 4.90649764e-16 1.07029290e-22 5.04379835e-24 7.10790876e-23
 2.07700188e-17 1.10267146e-16]
Label: climbing_hold    Predictions: [1.0000000e+00 1.2592461e-25 5.6917937e-22 1.1160130e-18 8.5343175e-17
 2.9090220e-24 6.3371551e-26 5.3281233e-25 3.8045118e-18 2.2403484e-18]
Label: climbing_hold    Predictions: [1.0000000e+00 1.9193843e-22 6.9487798e-19 5.5439673e-17 2.3623791e-14
 7.0968890e-21 1.1504363e-21 5.0840245e-21 1.1668372e-15 2.0503889e-14]
Label: clip    Predictions: [3.6741405e-11 1.0000000e+00 2.8063181e-12 6.6269901e-09 4.4319801e-10
 3.5114106e-11 5.8801020e-11 2.0889271e-11 1.1815395e-12 8.6977352e-12]
Label: clip    Predictions: [2.6895948e-09 1.0000000e+00 1.1311819e-10 4.8081123e-08 2.9590639e-08
 2.4037834e-09 1.1544577e-08 2.2032369e-09 6.0771686e-11 4.0762396e-10]
Label: clip    Predictions: [3.1979042e-09 9.9999988e-01 4.0320394e-10 7.5238177e-08 4.0041148e-09
 4.4894706e-09 9.1434913e-09 3.5123178e-09 8.1886019e-11 5.0004223e-10]
Label: clip    Predictions: [6.11970613e-11 1.00000000e+00 1.18424975e-11 2.97022602e-08
 7.42603534e-10 3.46316309e-10 3.17804394e-10 2.34039899e-10
 2.52902321e-12 2.55698691e-11]
Label: clip    Predictions: [4.0332520e-09 9.9999869e-01 2.6997886e-09 3.9599942e-07 2.6552846e-07
 5.1718837e-07 4.1300577e-08 1.2280131e-07 9.9162745e-10 4.9037490e-09]
Label: clip    Predictions: [6.11970613e-11 1.00000000e+00 1.18424975e-11 2.97022602e-08
 7.42603534e-10 3.46316309e-10 3.17804394e-10 2.34039899e-10
 2.52902321e-12 2.55698691e-11]
Label: clip    Predictions: [4.2771745e-07 9.9997663e-01 7.2005847e-08 5.2775804e-06 1.0854724e-06
 5.8008500e-06 4.0035461e-06 6.4687556e-06 2.5003784e-08 8.7863548e-08]
Label: clip    Predictions: [1.1404436e-09 9.9999988e-01 5.8195053e-11 6.2995518e-08 4.5430411e-09
 9.5649078e-10 4.2837685e-09 5.1751681e-10 2.1808956e-11 1.8217068e-10]
Label: clip    Predictions: [5.5808325e-10 9.9999988e-01 2.7319674e-11 7.9328636e-08 1.0540105e-08
 8.5817153e-10 1.2732959e-09 1.2791104e-10 9.3534597e-11 5.5879128e-11]
Label: clip    Predictions: [1.19716415e-09 9.99999881e-01 1.51290265e-11 1.15693354e-07
 1.49765391e-08 2.74073209e-10 1.98204830e-09 4.40975229e-10
 1.02534804e-11 5.82062593e-11]
Label: clip    Predictions: [6.11970613e-11 1.00000000e+00 1.18424975e-11 2.97022602e-08
 7.42603534e-10 3.46316309e-10 3.17804394e-10 2.34039899e-10
 2.52902321e-12 2.55698691e-11]
Label: clip    Predictions: [9.3832341e-08 9.9998927e-01 4.7875535e-08 6.6313291e-06 7.1393788e-07
 1.7814582e-06 5.2809821e-07 8.2165047e-07 2.7007378e-08 7.9398937e-08]
Label: clip    Predictions: [7.0419247e-11 1.0000000e+00 5.4881224e-13 2.5278744e-09 2.0826266e-10
 6.9017674e-12 1.1445574e-10 9.2255509e-12 1.2517304e-12 1.8901415e-12]
Label: clip    Predictions: [6.11970613e-11 1.00000000e+00 1.18424975e-11 2.97022602e-08
 7.42603534e-10 3.46316309e-10 3.17804394e-10 2.34039899e-10
 2.52902321e-12 2.55698691e-11]
Label: clip    Predictions: [2.4982558e-10 1.0000000e+00 5.7503134e-11 3.9005815e-08 2.4965232e-09
 1.2464386e-09 1.3185723e-09 9.5942898e-10 1.5421773e-11 1.3837052e-10]
Label: clip    Predictions: [1.0776625e-12 1.0000000e+00 1.3126594e-14 4.2384790e-11 5.6646168e-12
 4.0644251e-13 1.6858659e-12 3.4791716e-14 9.2335760e-16 2.3658874e-14]
Label: clip    Predictions: [4.8382473e-13 1.0000000e+00 7.7416262e-15 4.4662867e-11 8.5875872e-12
 1.6478678e-13 1.5199564e-12 2.7016446e-14 6.7417078e-16 1.3957764e-14]
Label: clip    Predictions: [1.40487100e-05 9.98011053e-01 7.55895417e-06 4.29432403e-04
 1.09638386e-04 5.08998462e-04 3.09381576e-04 5.97713981e-04
 4.86953968e-06 7.38822564e-06]
Label: clip    Predictions: [1.59803315e-09 9.99999523e-01 7.34678540e-10 2.50929219e-07
 1.14887385e-07 4.59828584e-08 1.79223392e-08 2.90871682e-08
 3.19702348e-10 1.76009429e-09]
Label: clip    Predictions: [6.11970613e-11 1.00000000e+00 1.18424975e-11 2.97022602e-08
 7.42603534e-10 3.46316309e-10 3.17804394e-10 2.34039899e-10
 2.52902321e-12 2.55698691e-11]
Label: dasani    Predictions: [2.5519312e-32 5.0578324e-36 1.0000000e+00 6.3331497e-24 1.4636805e-31
 6.4374927e-33 3.5859221e-30 4.6911271e-31 1.3913477e-22 2.0194478e-29]
Label: dasani    Predictions: [8.1692505e-01 2.0878842e-04 1.6066614e-01 3.4416662e-04 4.6740170e-03
 4.8711732e-05 9.5631840e-06 3.0680062e-04 1.5561666e-02 1.2551139e-03]
Label: dasani    Predictions: [6.6945461e-33 1.7988302e-35 1.0000000e+00 5.9169453e-23 2.8908127e-32
 2.3721295e-31 9.5069685e-31 1.2141561e-31 2.2162002e-25 3.6539830e-31]
Label: dasani    Predictions: [3.7261557e-02 7.1736417e-06 7.9553288e-01 8.1291779e-05 5.6914329e-03
 3.1027748e-06 2.0016338e-07 2.3169443e-06 1.6139936e-01 2.0748159e-05]
Label: dasani    Predictions: [6.3360014e-24 1.6226574e-24 1.0000000e+00 3.9333543e-13 1.5079788e-23
 2.5647864e-23 1.1303393e-20 1.1995495e-22 4.6563665e-21 1.7192719e-22]
Label: dasani    Predictions: [1.0819689e-02 9.2556857e-06 3.4211427e-01 8.5280270e-05 6.6920239e-03
 3.2372579e-06 3.0378135e-07 1.9766801e-06 6.4026153e-01 1.2472586e-05]
Label: dasani    Predictions: [1.0711304e-03 2.6186020e-04 2.9911309e-01 8.0319459e-04 7.6604062e-03
 1.1215745e-03 1.0773771e-04 1.4203901e-03 6.8803298e-01 4.0762519e-04]
Label: dasani    Predictions: [1.1566592e-03 2.9587154e-05 2.3215911e-01 9.0188798e-05 6.4123985e-03
 6.4260494e-06 7.8865145e-07 4.8143943e-06 7.6012605e-01 1.3973531e-05]
Label: dasani    Predictions: [6.7229534e-33 1.7944712e-35 1.0000000e+00 5.8401411e-23 2.9514295e-32
 2.4112323e-31 9.5108862e-31 1.2145175e-31 2.2140202e-25 3.6552655e-31]
Label: dasani    Predictions: [1.1681808e-03 4.6648466e-04 6.4630604e-01 1.9163317e-04 3.4492870e-03
 1.6549235e-03 6.4727350e-04 6.7527924e-04 3.4518898e-01 2.5194100e-04]
Label: dasani    Predictions: [4.7177634e-29 1.5562860e-31 1.0000000e+00 3.1933843e-19 3.3972109e-28
 1.7220177e-27 4.1499380e-27 2.1572086e-28 1.9550918e-22 2.0463512e-27]
Label: dasani    Predictions: [1.5219339e-17 1.1761282e-22 1.0000000e+00 4.6234197e-13 3.3427877e-17
 2.9489844e-19 3.1806389e-14 9.3083085e-15 1.3510822e-10 4.6282000e-10]
Label: dasani    Predictions: [4.3408088e-03 1.4030817e-03 7.0907366e-01 6.1117014e-04 1.4018772e-02
 2.7128998e-03 7.5538282e-04 2.0949133e-03 2.6437083e-01 6.1852956e-04]
Label: dasani    Predictions: [1.1090293e-30 7.5023098e-34 1.0000000e+00 1.3615770e-22 8.2770548e-30
 4.4699762e-30 3.8689034e-28 5.4442759e-30 9.6735283e-24 1.4361449e-28]
Label: dasani    Predictions: [8.0082610e-25 1.5213922e-27 1.0000000e+00 2.0700323e-18 6.2757405e-25
 9.0638667e-23 1.4333962e-22 1.6223426e-23 1.9289376e-18 5.2792083e-23]
Label: dasani    Predictions: [6.7239047e-32 5.5390120e-35 1.0000000e+00 2.1089965e-22 2.0162284e-31
 6.9657491e-31 9.4884907e-31 5.2914253e-31 5.7113811e-25 4.4997792e-30]
Label: dasani    Predictions: [7.7999857e-32 2.3039281e-34 1.0000000e+00 2.2379951e-22 3.0879447e-31
 4.7984025e-30 2.4606014e-30 4.7554864e-31 5.2946340e-24 2.7371781e-30]
Label: dasani    Predictions: [9.9344421e-03 3.2910677e-07 8.6810285e-01 1.6902992e-05 2.8533707e-04
 2.1163628e-07 6.2728240e-09 1.3889245e-07 1.2165427e-01 5.5459286e-06]
Label: dasani    Predictions: [1.9401175e-03 2.8598526e-05 6.3611466e-01 5.8653615e-05 1.3207326e-03
 4.7637577e-06 2.6807870e-06 5.4051943e-06 3.6048955e-01 3.4901906e-05]
Label: dasani    Predictions: [4.7512206e-01 5.0861586e-04 4.5776176e-01 4.1077129e-04 9.1099674e-03
 1.4807991e-04 3.1603260e-05 2.1578595e-03 5.0941493e-02 3.8077517e-03]
Label: glue    Predictions: [6.57934215e-05 9.07391217e-03 3.24958876e-07 9.90842462e-01
 1.04769447e-06 6.70846430e-06 3.12337806e-06 1.09840414e-07
 2.84025282e-06 3.71075930e-06]
Label: glue    Predictions: [4.5018064e-06 9.8812395e-01 2.4858289e-07 1.1842265e-02 2.5210604e-05
 5.1709264e-07 2.4029196e-06 1.6646864e-07 2.8808662e-07 4.9167528e-07]
Label: glue    Predictions: [1.8035102e-19 1.7890696e-22 1.4275658e-18 1.0000000e+00 3.0911442e-20
 1.8900664e-15 4.9967126e-22 3.4541440e-22 6.4348966e-16 4.0448465e-19]
Label: glue    Predictions: [8.9717622e-19 1.0368497e-21 9.5819618e-18 1.0000000e+00 1.1775172e-19
 1.1518149e-14 2.1907780e-21 1.4077277e-21 5.0357854e-15 9.6420908e-19]
Label: glue    Predictions: [1.1966425e-15 4.9894277e-18 5.4238110e-17 1.0000000e+00 1.7012121e-16
 7.7293366e-11 3.8082581e-18 8.2167934e-19 5.2482926e-13 3.7938364e-15]
Label: glue    Predictions: [3.5118917e-04 1.4899990e-01 2.2907703e-05 8.5014218e-01 1.1151380e-04
 5.0059556e-05 7.8684652e-06 8.2564848e-06 1.5022567e-05 2.9117518e-04]
Label: glue    Predictions: [5.0511738e-13 4.2130206e-14 1.4891158e-05 9.9998510e-01 1.0421392e-11
 9.8079947e-11 2.5197869e-10 2.7352001e-12 2.0835857e-09 8.9924379e-09]
Label: glue    Predictions: [5.09320728e-08 9.99638915e-01 5.52862730e-07 3.54666583e-04
 3.91483354e-06 6.12851636e-07 6.54959138e-07 5.92777155e-07
 1.57506879e-08 1.18783134e-07]
Label: glue    Predictions: [5.3027657e-07 9.9859256e-01 5.2256969e-08 1.4040439e-03 8.2395695e-07
 6.6739113e-07 1.0594850e-06 1.2326389e-07 2.2653230e-08 1.6019496e-07]
Label: glue    Predictions: [3.8455587e-04 6.1803997e-01 1.2662195e-05 3.8090268e-01 3.3987174e-04
 3.1510568e-05 1.2554398e-05 1.1335065e-05 9.7036927e-06 2.5512438e-04]
Label: glue    Predictions: [1.6741958e-02 3.1123240e-02 1.6195029e-04 9.4840294e-01 2.3618785e-03
 2.0113449e-04 1.8850686e-04 5.1840969e-05 6.0475699e-04 1.6176644e-04]
Label: glue    Predictions: [9.8658226e-10 1.9604482e-09 7.8744025e-12 1.0000000e+00 1.1964013e-10
 1.1964520e-09 2.9277201e-12 2.7011721e-13 8.7466046e-10 8.9617425e-11]
Label: glue    Predictions: [6.89039917e-13 7.60561861e-14 7.37964835e-15 1.00000000e+00
 4.60794936e-14 8.17315937e-10 3.39926858e-15 4.90266217e-16
 1.03637455e-11 3.50506326e-13]
Label: glue    Predictions: [1.6837433e-14 8.2620351e-16 5.1598370e-12 1.0000000e+00 5.6423758e-14
 3.5364728e-08 1.0258252e-15 7.6226799e-15 3.3173126e-09 5.5425825e-13]
Label: glue    Predictions: [1.2822167e-19 1.9369193e-22 6.3984011e-16 1.0000000e+00 4.2604571e-20
 2.7375308e-13 2.0849122e-21 1.4164011e-20 4.2249008e-12 1.8425731e-17]
Label: glue    Predictions: [2.8152353e-04 4.8872142e-04 3.9224631e-07 9.9920911e-01 1.6041056e-05
 7.0626828e-07 1.3151913e-06 4.4655881e-08 1.8030017e-06 4.8110434e-07]
Label: glue    Predictions: [9.9878300e-05 1.0357216e-03 1.6960351e-07 9.9886131e-01 2.6899983e-07
 7.8456623e-07 1.1093340e-06 1.6330896e-08 3.8583525e-07 4.8231936e-07]
Label: glue    Predictions: [7.0907219e-05 9.1242003e-01 1.8955624e-06 8.7375768e-02 9.8477511e-05
 2.1857131e-06 2.0420150e-05 1.6198381e-06 2.4050730e-06 6.3259936e-06]
Label: glue    Predictions: [4.46186463e-16 3.14637212e-18 8.15459546e-18 1.00000000e+00
 1.17317888e-16 1.15140425e-10 1.04534619e-18 2.47693599e-19
 2.09012061e-13 9.53900871e-16]
Label: glue    Predictions: [1.27438786e-15 1.82365085e-17 6.48477938e-10 1.00000000e+00
 1.02738333e-16 1.89819796e-12 5.09704829e-16 1.37871998e-15
 1.85074775e-10 4.18136744e-13]
Label: spray_bottle    Predictions: [9.66899307e-08 1.30448647e-12 3.44482933e-13 1.91854900e-11
 9.99999762e-01 6.42927077e-14 2.84791808e-12 2.41181349e-14
 1.14507856e-07 1.75270687e-10]
Label: spray_bottle    Predictions: [6.0343652e-10 6.5588057e-10 2.0619409e-12 1.0598290e-11 1.0000000e+00
 2.3405733e-10 1.2529118e-10 2.0845550e-09 3.8723497e-10 9.7796347e-11]
Label: spray_bottle    Predictions: [5.1611709e-10 4.1993848e-12 2.1822470e-12 2.1884588e-11 1.0000000e+00
 2.8664202e-12 2.7502405e-11 3.8029926e-12 7.0283388e-09 9.8496850e-11]
Label: spray_bottle    Predictions: [1.5142339e-05 2.0686988e-08 1.1719853e-09 4.2536257e-08 9.9998188e-01
 1.0357818e-09 6.3795413e-09 1.1821172e-09 2.7233100e-06 1.6314883e-07]
Label: spray_bottle    Predictions: [2.2402039e-10 1.9221863e-19 3.3660639e-17 9.8118530e-17 1.0000000e+00
 2.5331998e-19 2.6326845e-19 8.0219478e-20 6.1908773e-10 1.6667447e-14]
Label: spray_bottle    Predictions: [1.9327618e-13 5.7663589e-15 1.9501007e-15 3.4963514e-16 1.0000000e+00
 2.3072222e-15 4.1854325e-15 6.7539741e-12 2.9720543e-13 7.2174932e-14]
Label: spray_bottle    Predictions: [3.1450304e-13 1.2141528e-14 7.1319984e-16 2.8598846e-15 1.0000000e+00
 7.2518912e-15 8.0685601e-14 2.7213491e-14 5.6759831e-12 6.1242501e-14]
Label: spray_bottle    Predictions: [1.9019505e-14 1.3000188e-15 1.7980303e-17 7.5138599e-17 1.0000000e+00
 5.5952555e-17 6.2326108e-16 7.4325354e-15 3.7046043e-14 2.3005605e-15]
Label: spray_bottle    Predictions: [3.0221447e-11 8.8668081e-13 1.6638676e-13 7.4553449e-13 1.0000000e+00
 2.9909302e-12 1.6231388e-11 1.0003048e-12 4.3543582e-09 6.3174682e-12]
Label: spray_bottle    Predictions: [1.2245929e-10 6.1377969e-12 2.4898058e-11 3.1371828e-12 9.9999976e-01
 4.8109637e-12 2.1886659e-12 2.5118476e-07 9.2316606e-11 7.5141426e-10]
Label: spray_bottle    Predictions: [2.3701237e-04 2.2162094e-07 1.4237371e-08 3.0765598e-08 9.9975842e-01
 3.2895533e-09 1.9701741e-08 6.9848971e-07 3.1599857e-06 4.2286672e-07]
Label: spray_bottle    Predictions: [3.0113724e-03 5.0070587e-10 3.2300262e-10 5.9650813e-09 9.9698764e-01
 1.5287650e-11 4.2707948e-11 1.0157799e-10 9.2443190e-07 6.8869383e-08]
Label: spray_bottle    Predictions: [2.2402039e-10 1.9221863e-19 3.3660639e-17 9.8118530e-17 1.0000000e+00
 2.5331998e-19 2.6326845e-19 8.0219478e-20 6.1908773e-10 1.6667447e-14]
Label: spray_bottle    Predictions: [1.2472158e-03 4.2896232e-08 8.9235908e-09 3.9467089e-08 9.9875093e-01
 6.6595979e-10 1.9364879e-09 1.6430912e-08 1.3811194e-06 4.5684601e-07]
Label: spray_bottle    Predictions: [1.1418340e-04 5.7335863e-12 3.5878928e-11 8.0167722e-10 9.9988353e-01
 1.4482930e-12 1.1216442e-11 3.9250875e-13 2.2601134e-06 9.2769818e-09]
Label: spray_bottle    Predictions: [1.6159331e-06 3.6078522e-11 7.2656464e-11 1.0647404e-09 9.9999714e-01
 2.4908107e-11 4.6220117e-10 5.1379935e-11 1.2227297e-06 3.9349271e-09]
Label: spray_bottle    Predictions: [2.2564163e-05 4.0836289e-11 4.8641979e-10 4.5090358e-09 9.9997485e-01
 6.9680234e-11 1.2375747e-11 1.2825515e-11 2.5711604e-06 2.2310459e-08]
Label: spray_bottle    Predictions: [9.4468691e-09 7.6039985e-10 1.9298463e-08 1.3308119e-09 9.9999475e-01
 1.6535361e-09 6.0079314e-10 5.0648050e-06 1.2383835e-07 6.5936973e-08]
Label: spray_bottle    Predictions: [3.39482728e-13 3.31004247e-14 5.38060468e-14 3.48569918e-15
 1.00000000e+00 1.31137565e-14 2.22800785e-14 3.00127118e-10
 9.04446765e-13 1.25309452e-12]
Label: spray_bottle    Predictions: [1.20871755e-05 1.56924398e-05 2.16499473e-07 1.60100186e-07
 8.99192870e-01 1.29410171e-06 2.09441041e-07 1.00772120e-01
 6.58390661e-07 4.69119414e-06]
Label: toothbrushes    Predictions: [2.0253234e-17 2.0812620e-16 1.9931110e-16 3.7062267e-12 2.3729149e-14
 1.0000000e+00 1.9917356e-12 6.3269907e-17 4.3610902e-13 1.3739107e-15]
Label: toothbrushes    Predictions: [5.2192641e-20 4.2347607e-19 5.5984949e-19 4.3484939e-15 7.1648545e-17
 1.0000000e+00 2.3070299e-14 6.0996344e-20 2.3221167e-16 4.7420763e-18]
Label: toothbrushes    Predictions: [7.6722279e-19 6.3888573e-18 6.0230834e-18 1.1582440e-13 1.6531486e-15
 1.0000000e+00 2.6179246e-14 1.2472129e-18 4.3661736e-14 9.3624643e-17]
Label: toothbrushes    Predictions: [1.0734266e-19 1.1760853e-19 8.3269496e-19 6.2831985e-15 7.7718549e-18
 1.0000000e+00 3.2075828e-19 1.6743694e-18 1.5028667e-13 4.0691306e-18]
Label: toothbrushes    Predictions: [1.4644876e-20 1.2203852e-20 1.3572800e-19 1.6123913e-15 1.0269317e-18
 1.0000000e+00 3.6448851e-20 2.3550579e-19 5.9019480e-14 6.3316923e-19]
Label: toothbrushes    Predictions: [3.9553251e-19 2.2909847e-18 2.5278160e-17 5.1938548e-15 7.9566192e-17
 1.0000000e+00 1.4807121e-18 1.5240487e-17 1.9592303e-12 1.9227529e-17]
Label: toothbrushes    Predictions: [5.8316829e-15 2.5924077e-15 4.4210690e-15 1.0269770e-10 2.2765855e-13
 1.0000000e+00 8.2206674e-15 5.5648357e-14 4.2993317e-08 2.0482960e-12]
Label: toothbrushes    Predictions: [5.3896998e-16 4.5531139e-16 1.3410179e-14 1.8498945e-13 7.8330205e-14
 1.0000000e+00 7.8293568e-15 2.9463438e-14 7.9474777e-12 1.9720795e-15]
Label: toothbrushes    Predictions: [5.07657338e-09 1.31781315e-08 9.50192486e-07 2.02935026e-03
 1.47556918e-07 9.97580290e-01 1.08029246e-06 4.01707432e-08
 3.77607415e-04 1.04968849e-05]
Label: toothbrushes    Predictions: [7.5578484e-12 1.1073557e-11 1.4228766e-11 8.9132817e-07 1.3024427e-09
 9.9999833e-01 4.8879439e-10 3.3103510e-11 8.7847059e-07 4.9115417e-10]
Label: toothbrushes    Predictions: [1.4644876e-20 1.2203852e-20 1.3572800e-19 1.6123913e-15 1.0269317e-18
 1.0000000e+00 3.6448851e-20 2.3550579e-19 5.9019480e-14 6.3316923e-19]
Label: toothbrushes    Predictions: [1.5475471e-17 3.0439330e-17 1.9099099e-16 6.7230950e-14 2.2191302e-15
 1.0000000e+00 3.3103401e-17 2.7884809e-16 1.6789315e-12 1.3513254e-16]
Label: toothbrushes    Predictions: [1.4644876e-20 1.2203852e-20 1.3572800e-19 1.6123913e-15 1.0269317e-18
 1.0000000e+00 3.6448851e-20 2.3550579e-19 5.9019480e-14 6.3316923e-19]
Label: toothbrushes    Predictions: [1.7005746e-09 8.1400109e-11 7.4527594e-07 2.4346659e-06 5.2032868e-07
 9.9941957e-01 2.6897442e-07 3.7524911e-10 5.7588523e-04 6.7140405e-07]
Label: toothbrushes    Predictions: [2.0001477e-17 1.2175042e-17 1.4135800e-17 5.4164821e-13 2.2216543e-15
 1.0000000e+00 3.8089576e-17 9.6205704e-17 1.5435522e-10 6.8090099e-16]
Label: toothbrushes    Predictions: [2.9817685e-25 1.8968328e-24 4.8103321e-23 5.9897594e-21 6.5753927e-24
 1.0000000e+00 3.1688400e-16 2.8852262e-25 8.7879882e-22 7.7013593e-23]
Label: toothbrushes    Predictions: [1.47423219e-11 9.17008548e-13 4.42849563e-10 6.24973552e-07
 6.97975733e-10 9.99963164e-01 2.06580042e-09 1.17727425e-11
 3.62592873e-05 7.65241559e-09]
Label: toothbrushes    Predictions: [6.53481935e-10 2.51340754e-10 6.10142081e-07 1.12727741e-06
 2.09028499e-07 9.99971628e-01 1.14567236e-07 4.96789970e-11
 2.60335746e-05 1.73741796e-07]
Label: toothbrushes    Predictions: [5.8689602e-20 1.0076647e-18 5.3034635e-18 1.4040195e-17 1.8388639e-19
 1.0000000e+00 6.7952227e-11 7.2348512e-20 2.5221727e-16 3.8001170e-18]
Label: toothbrushes    Predictions: [1.0611130e-23 2.5982794e-22 3.9385183e-21 1.0999809e-19 1.1581724e-22
 1.0000000e+00 1.8628489e-14 2.1339369e-23 3.0687506e-20 8.7787077e-22]
Label: toothpaste    Predictions: [1.00561596e-22 1.99059747e-22 4.26320864e-18 1.60446065e-19
 3.92141481e-20 2.56384383e-18 1.00000000e+00 8.84709602e-20
 7.45793898e-19 3.66057471e-20]
Label: toothpaste    Predictions: [2.3051918e-21 1.7303265e-21 2.7809902e-17 1.3159539e-17 3.8010012e-18
 2.4200588e-17 1.0000000e+00 1.0650778e-18 1.6497199e-17 6.6170789e-19]
Label: toothpaste    Predictions: [1.7442758e-22 1.9501108e-20 3.8463348e-18 1.1784610e-19 3.9523598e-16
 4.1775933e-11 1.0000000e+00 7.0617243e-22 1.4199296e-18 7.9831443e-21]
Label: toothpaste    Predictions: [1.7442758e-22 1.9501108e-20 3.8463348e-18 1.1784610e-19 3.9523598e-16
 4.1775933e-11 1.0000000e+00 7.0617243e-22 1.4199296e-18 7.9831443e-21]
Label: toothpaste    Predictions: [3.5411322e-22 7.1954025e-22 8.6840703e-17 1.0743401e-19 6.3265076e-17
 1.2152111e-11 1.0000000e+00 1.2502025e-21 1.6963907e-16 2.4120354e-21]
Label: toothpaste    Predictions: [9.4640713e-20 1.1581780e-20 2.4616932e-13 2.3932423e-17 9.4516796e-16
 1.4552399e-09 1.0000000e+00 2.2452841e-19 2.3640527e-13 2.0055166e-19]
Label: toothpaste    Predictions: [1.7883784e-17 1.7303705e-16 2.7863462e-14 1.5332353e-14 1.2387612e-14
 9.8993262e-12 1.0000000e+00 1.8526052e-14 1.4811701e-14 7.4982295e-16]
Label: toothpaste    Predictions: [2.4208111e-21 4.4456620e-21 9.5722584e-15 6.3468307e-19 1.2201130e-16
 1.2487563e-09 1.0000000e+00 5.3867674e-21 3.8264100e-14 7.0459059e-21]
Label: toothpaste    Predictions: [2.81087852e-22 3.87942699e-20 5.79008934e-18 2.75486506e-19
 6.06993551e-16 5.17259013e-11 1.00000000e+00 1.19565312e-21
 1.83387700e-18 1.22858285e-20]
Label: toothpaste    Predictions: [3.6458526e-23 3.8474145e-21 1.8300194e-18 1.3577506e-20 6.9740411e-17
 5.4576784e-11 1.0000000e+00 1.0663684e-22 1.3319174e-18 7.3027780e-22]
Label: toothpaste    Predictions: [1.7442758e-22 1.9501108e-20 3.8463348e-18 1.1784610e-19 3.9523598e-16
 4.1775933e-11 1.0000000e+00 7.0617243e-22 1.4199296e-18 7.9831443e-21]
Label: toothpaste    Predictions: [2.1008325e-11 4.6258770e-13 2.2623717e-10 2.0545539e-09 1.1885237e-03
 2.1409842e-06 9.9830496e-01 1.4656039e-09 5.0429074e-04 1.0125168e-07]
Label: toothpaste    Predictions: [4.2870152e-10 2.3503186e-10 7.7420037e-07 3.5945443e-05 3.4870757e-09
 2.2574950e-07 9.9995315e-01 8.0554905e-08 8.1892040e-07 8.9856485e-06]
Label: toothpaste    Predictions: [1.7442758e-22 1.9501108e-20 3.8463348e-18 1.1784610e-19 3.9523598e-16
 4.1775933e-11 1.0000000e+00 7.0617243e-22 1.4199296e-18 7.9831443e-21]
Label: toothpaste    Predictions: [9.6836768e-25 2.3756063e-24 1.6229958e-19 4.3714827e-21 1.0784287e-21
 1.0392108e-19 1.0000000e+00 1.6754273e-21 2.9226201e-20 5.3382018e-22]
Label: toothpaste    Predictions: [1.4083818e-23 7.6864161e-24 2.2365061e-18 2.4912925e-19 2.0311917e-21
 1.4020759e-18 1.0000000e+00 7.5578885e-20 3.0369132e-19 3.1013711e-21]
Label: toothpaste    Predictions: [7.3159068e-23 1.8439677e-22 2.2374374e-17 2.9325525e-17 9.5812201e-20
 3.2701358e-19 1.0000000e+00 2.5144921e-20 4.0734752e-20 2.1668505e-20]
Label: toothpaste    Predictions: [9.0738548e-25 4.5087079e-25 5.2675714e-19 5.6380526e-21 1.7086538e-22
 2.7975861e-19 1.0000000e+00 9.0160457e-21 4.0921026e-20 4.6055229e-22]
Label: toothpaste    Predictions: [2.2024001e-21 4.8673747e-21 1.0001368e-16 1.3221242e-15 1.0562371e-18
 2.0265048e-18 1.0000000e+00 1.0173472e-19 8.0910703e-19 1.8169274e-19]
Label: toothpaste    Predictions: [1.9104529e-12 2.7541512e-11 1.1867490e-10 7.1038182e-11 3.4513795e-10
 3.6599510e-10 1.0000000e+00 1.7246500e-09 3.3280151e-10 5.0780033e-11]
Label: watermelon    Predictions: [7.8173779e-18 3.2917252e-19 4.4396676e-19 2.1308003e-20 4.9812711e-17
 1.8283159e-19 9.6038713e-20 1.0000000e+00 5.7634137e-22 4.9121882e-17]
Label: watermelon    Predictions: [2.29791280e-14 2.48502208e-16 7.16537675e-16 4.36440972e-17
 9.45722450e-14 4.94319026e-15 1.54012242e-15 1.00000000e+00
 1.09409815e-17 4.61649999e-14]
Label: watermelon    Predictions: [1.9597431e-15 2.5944145e-16 5.7469878e-16 6.1029247e-17 3.1104815e-14
 5.2303363e-16 1.0128960e-15 1.0000000e+00 3.0196100e-18 1.9511172e-14]
Label: watermelon    Predictions: [4.5471171e-07 3.2913992e-08 1.7197290e-06 3.2961881e-07 4.8877791e-07
 1.1433037e-07 1.5747368e-08 9.9999642e-01 2.9862841e-09 4.4853084e-07]
Label: watermelon    Predictions: [7.5384683e-16 7.8787159e-19 1.0953616e-13 1.4487821e-16 2.4843708e-14
 2.0179046e-17 2.9174020e-16 1.0000000e+00 2.1793526e-19 1.8118424e-13]
Label: watermelon    Predictions: [7.5384683e-16 7.8787159e-19 1.0953616e-13 1.4487821e-16 2.4843708e-14
 2.0179046e-17 2.9174020e-16 1.0000000e+00 2.1793526e-19 1.8118424e-13]
Label: watermelon    Predictions: [5.7926804e-16 2.2456718e-17 2.2226439e-17 1.5854122e-18 1.7872618e-15
 9.5813042e-18 8.5570991e-18 1.0000000e+00 4.9561874e-20 1.4743341e-15]
Label: watermelon    Predictions: [7.6022976e-14 9.7809901e-16 2.5573560e-12 5.2577280e-14 1.8361647e-12
 3.3421233e-14 4.7248958e-14 1.0000000e+00 2.2018175e-16 5.2257205e-12]
Label: watermelon    Predictions: [8.3353435e-18 4.2867878e-19 4.7756580e-19 2.4907780e-20 5.8931536e-17
 2.1515561e-19 9.2432134e-20 1.0000000e+00 6.4802023e-22 5.0803514e-17]
Label: watermelon    Predictions: [8.3212680e-11 2.4320314e-12 1.5177432e-12 1.2508992e-13 1.4351949e-09
 1.2981673e-12 1.8577451e-12 1.0000000e+00 2.9985244e-14 3.9881581e-11]
Label: watermelon    Predictions: [7.8173779e-18 3.2917252e-19 4.4396676e-19 2.1308003e-20 4.9812711e-17
 1.8283159e-19 9.6038713e-20 1.0000000e+00 5.7634137e-22 4.9121882e-17]
Label: watermelon    Predictions: [3.9840398e-08 1.7634143e-08 2.6531467e-07 7.7328068e-08 2.3972602e-06
 4.6021974e-06 8.1568891e-07 9.9999142e-01 7.2660558e-09 3.2964607e-07]
Label: watermelon    Predictions: [5.4485099e-07 2.0280055e-08 1.7587881e-05 5.9939157e-07 5.9586484e-05
 1.1703653e-06 3.4688670e-05 9.9988067e-01 3.8773234e-08 5.0294916e-06]
Label: watermelon    Predictions: [3.9685865e-08 4.5625210e-08 4.0154418e-07 1.6567175e-07 7.9955589e-07
 1.2200484e-06 9.0682636e-07 9.9999619e-01 5.0379048e-09 1.9119179e-07]
Label: watermelon    Predictions: [4.4466302e-13 2.3782377e-15 3.7030028e-13 3.0197184e-15 4.0225033e-12
 2.6511947e-14 9.4414858e-15 1.0000000e+00 4.6292278e-16 3.7042622e-12]
Label: watermelon    Predictions: [3.2137868e-15 9.5463897e-18 2.3142233e-13 8.3625514e-16 1.2639630e-13
 3.2432690e-16 1.6800853e-15 1.0000000e+00 2.7667568e-18 4.3907871e-13]
Label: watermelon    Predictions: [1.9919960e-07 1.6146050e-09 3.7041936e-10 2.4509295e-10 2.9250279e-07
 7.2843864e-10 5.8344984e-10 9.9999952e-01 3.4294258e-11 1.2921665e-08]
Label: watermelon    Predictions: [2.0234829e-12 2.1778341e-13 2.1443685e-13 2.7914687e-14 4.1600581e-12
 5.0773009e-13 1.2276012e-13 1.0000000e+00 6.9592456e-15 2.3879137e-12]
Label: watermelon    Predictions: [2.85015708e-16 1.66928636e-18 1.34262107e-16 1.97200127e-18
 3.26647689e-15 5.31069375e-17 1.13190303e-17 1.00000000e+00
 3.45946158e-20 1.01386684e-14]
Label: watermelon    Predictions: [2.84164492e-09 1.39547832e-10 1.22206842e-10 1.05425417e-11
 7.23907689e-08 1.10855394e-10 2.95609870e-10 9.99999881e-01
 7.98106286e-12 2.58452104e-09]
Label: wipes    Predictions: [4.1419988e-12 1.1068895e-17 2.8621110e-15 1.0278078e-14 1.0406868e-11
 5.3463039e-14 4.4970870e-14 4.4065506e-17 1.0000000e+00 2.8025859e-11]
Label: wipes    Predictions: [6.0187334e-21 7.2610400e-26 5.5347669e-20 8.6386020e-18 1.6720970e-18
 1.6031601e-16 7.6196793e-24 1.6158328e-23 1.0000000e+00 1.2282607e-18]
Label: wipes    Predictions: [1.5054088e-24 1.8032482e-27 3.9819397e-19 2.1285429e-19 3.2752366e-22
 3.3012119e-16 6.9695222e-24 5.9533483e-24 1.0000000e+00 2.1397918e-21]
Label: wipes    Predictions: [1.6948697e-17 7.7467758e-20 2.0841026e-12 5.3591604e-13 4.8319222e-16
 9.0191144e-12 5.4020469e-17 1.0000147e-16 1.0000000e+00 1.1628326e-13]
Label: wipes    Predictions: [1.4029232e-13 8.0281122e-15 2.7754659e-09 9.8194874e-08 4.2097090e-12
 1.2593956e-05 5.6673465e-11 4.6665896e-12 9.9998355e-01 3.8249218e-06]
Label: wipes    Predictions: [1.1133129e-18 4.2820761e-21 2.8240387e-11 2.1795742e-14 6.0693046e-18
 3.8936701e-11 1.5628234e-17 4.7895784e-19 1.0000000e+00 4.7341978e-17]
Label: wipes    Predictions: [3.5980318e-17 4.4919608e-22 3.4600337e-14 5.2861345e-18 1.0558538e-12
 1.7069069e-16 1.0293106e-03 2.4939697e-15 9.9897075e-01 3.7430986e-08]
Label: wipes    Predictions: [3.3934082e-25 3.0729199e-28 1.8863890e-19 7.8605203e-20 7.0443935e-23
 2.7657872e-17 1.8364477e-24 1.0840612e-24 1.0000000e+00 8.7382807e-22]
Label: wipes    Predictions: [4.1052629e-22 1.0895445e-27 9.5083860e-23 2.3157219e-23 8.5469171e-19
 1.3265303e-21 4.0712453e-24 3.5571974e-25 1.0000000e+00 3.3840997e-18]
Label: wipes    Predictions: [4.8024486e-23 2.2485052e-28 1.6755343e-23 5.7667728e-24 1.9848453e-19
 1.0819105e-21 5.5288648e-25 5.4824471e-26 1.0000000e+00 8.4956872e-19]
Label: wipes    Predictions: [1.2478718e-11 2.8633367e-13 4.9888577e-10 1.5832187e-10 1.6894028e-09
 1.2716286e-09 2.2605329e-09 2.9095780e-12 1.0000000e+00 1.2223256e-09]
Label: wipes    Predictions: [3.1257447e-12 1.2092619e-14 1.9310276e-07 2.3532012e-09 1.1892887e-10
 1.1819624e-07 2.7168328e-09 8.4768581e-12 9.9999964e-01 4.5693014e-09]
Label: wipes    Predictions: [2.36759595e-27 1.03752392e-33 5.65770280e-28 1.34746745e-27
 6.94073840e-23 1.49641897e-25 4.99198634e-30 3.99344583e-31
 1.00000000e+00 5.23944405e-23]
Label: wipes    Predictions: [7.7831303e-14 1.8504604e-19 5.3440020e-17 1.2794441e-15 3.0509436e-13
 1.6845368e-14 1.5970873e-15 1.3588608e-18 1.0000000e+00 4.7810154e-12]
Label: wipes    Predictions: [1.5557526e-15 1.6629942e-18 7.8770877e-13 6.9008526e-14 8.5841063e-14
 2.0897711e-12 1.7989886e-12 1.6385818e-16 1.0000000e+00 2.1967832e-09]
Label: wipes    Predictions: [1.1636190e-30 2.0541766e-38 2.2938754e-29 5.3070538e-30 1.6455945e-27
 2.1013999e-29 5.2185676e-35 4.2397854e-35 1.0000000e+00 1.5765042e-26]
Label: wipes    Predictions: [7.6083055e-21 9.3759408e-24 3.4778080e-16 3.5464827e-16 1.0651346e-18
 1.5955643e-16 1.3966455e-20 4.0173959e-20 1.0000000e+00 8.4264669e-16]
Label: wipes    Predictions: [6.5006998e-23 2.7962273e-29 1.9358703e-22 2.9763152e-24 2.3858997e-21
 6.8361045e-23 1.7553615e-24 1.8765137e-26 1.0000000e+00 2.4043959e-18]
Label: wipes    Predictions: [1.1797563e-19 1.1925812e-24 1.2367956e-16 5.0797404e-21 4.6887989e-17
 5.4313625e-19 3.2173792e-16 7.0055970e-21 1.0000000e+00 4.5201164e-14]
Label: wipes    Predictions: [3.3934082e-25 3.0729199e-28 1.8863890e-19 7.8605203e-20 7.0443935e-23
 2.7657872e-17 1.8364477e-24 1.0840612e-24 1.0000000e+00 8.7382807e-22]
Label: zoink    Predictions: [2.0470931e-27 8.7655948e-36 7.9592758e-28 9.3734807e-30 1.7762950e-26
 1.2011359e-26 1.0719644e-29 1.1968886e-23 3.0806157e-23 1.0000000e+00]
Label: zoink    Predictions: [3.1960383e-13 1.4378061e-20 5.9493345e-15 3.0987332e-14 4.7648880e-14
 2.3392989e-12 2.6770113e-19 3.4480312e-17 5.4145019e-08 1.0000000e+00]
Label: zoink    Predictions: [6.3442822e-21 4.2220447e-29 5.8679216e-23 5.0211458e-24 1.8798080e-20
 4.7852814e-21 4.6798116e-24 1.3155296e-21 1.8520291e-18 1.0000000e+00]
Label: zoink    Predictions: [4.58851074e-23 1.66774131e-31 5.53536755e-24 8.29587544e-27
 1.07935004e-22 1.02012755e-23 9.53339513e-26 7.61370125e-22
 1.32942368e-20 1.00000000e+00]
Label: zoink    Predictions: [1.5724554e-08 8.7769258e-16 1.1478504e-09 4.3189887e-13 7.2318180e-12
 7.5710931e-12 9.3424162e-13 4.2956281e-11 1.6966215e-11 1.0000000e+00]
Label: zoink    Predictions: [8.7963176e-27 1.8851065e-36 1.5155476e-27 1.2691103e-29 6.9634786e-27
 7.5086684e-26 1.3891253e-30 9.9461263e-24 1.0030298e-22 1.0000000e+00]
Label: zoink    Predictions: [4.0162670e-10 5.4521654e-18 4.3198417e-11 2.2273142e-15 2.1274697e-13
 2.9823895e-13 1.2683262e-14 6.6730562e-13 3.0692473e-13 1.0000000e+00]
Label: zoink    Predictions: [3.1761779e-21 3.7650738e-30 1.1552595e-23 2.1074583e-24 6.7262739e-22
 1.7577025e-21 2.4115429e-25 4.0787423e-22 9.6884356e-19 1.0000000e+00]
Label: zoink    Predictions: [5.0982746e-23 1.1887116e-31 6.4234908e-24 2.1884672e-26 2.3549364e-23
 2.5699011e-21 1.4934568e-28 1.0258915e-23 5.8777459e-19 1.0000000e+00]
Label: zoink    Predictions: [2.2837875e-12 2.6561568e-19 5.1245202e-14 4.3661396e-13 3.0418596e-13
 2.2760958e-11 1.8093261e-18 1.2882581e-16 6.1898447e-07 9.9999940e-01]
Label: zoink    Predictions: [1.3438498e-14 8.5830916e-25 3.5883681e-17 4.6837706e-19 6.3923227e-17
 9.8960133e-14 3.2643708e-23 6.9188870e-20 7.7200100e-11 1.0000000e+00]
Label: zoink    Predictions: [1.1110355e-24 8.4495664e-34 1.0299690e-24 2.8608134e-29 9.6294170e-25
 1.3246416e-25 3.2838604e-27 3.7574275e-22 4.7019136e-23 1.0000000e+00]
Label: zoink    Predictions: [8.7963176e-27 1.8851065e-36 1.5155476e-27 1.2691103e-29 6.9634786e-27
 7.5086684e-26 1.3891253e-30 9.9461263e-24 1.0030298e-22 1.0000000e+00]
Label: zoink    Predictions: [8.7963176e-27 1.8851065e-36 1.5155476e-27 1.2691103e-29 6.9634786e-27
 7.5086684e-26 1.3891253e-30 9.9461263e-24 1.0030298e-22 1.0000000e+00]
Label: zoink    Predictions: [3.1761779e-21 3.7650738e-30 1.1552595e-23 2.1074583e-24 6.7262739e-22
 1.7577025e-21 2.4115429e-25 4.0787423e-22 9.6884356e-19 1.0000000e+00]
Label: zoink    Predictions: [6.7651992e-17 1.7759986e-24 2.7982174e-18 7.0459059e-21 2.2111764e-17
 4.7358711e-20 4.8056809e-20 4.9850303e-19 4.8464479e-17 1.0000000e+00]
Label: zoink    Predictions: [4.44377559e-23 1.47831498e-31 1.46969551e-23 1.14010985e-26
 6.66606398e-23 6.88420058e-24 1.20518915e-25 1.82731710e-21
 6.63253812e-21 1.00000000e+00]
Label: zoink    Predictions: [1.0076536e-17 1.4351785e-24 1.4259004e-18 1.4469682e-19 3.7339301e-18
 1.4163220e-17 1.7184203e-21 5.7167201e-18 3.6612630e-14 1.0000000e+00]
Label: zoink    Predictions: [5.6847496e-19 1.6102492e-26 4.2496121e-21 1.2790442e-22 1.8302978e-19
 3.2517730e-20 2.3003767e-22 6.4222542e-20 9.1214687e-18 1.0000000e+00]
Label: zoink    Predictions: [6.3708532e-09 1.8908579e-13 1.7218266e-09 2.0976572e-09 2.1541632e-08
 2.3903224e-06 6.9114632e-12 4.5851838e-09 1.2919061e-04 9.9986839e-01]
