Label: climbing_hold    Predictions: [1.0000000e+00 6.5939821e-16 8.3922992e-17 2.6891028e-16 7.6244322e-13
 7.1491971e-13 1.8918658e-19 1.0038140e-12 1.4928274e-17 8.8090486e-11]
Label: climbing_hold    Predictions: [1.0000000e+00 4.5479956e-15 1.4399656e-17 9.1852625e-14 8.4694174e-14
 2.8716035e-15 1.3878203e-18 6.2464589e-10 1.3879314e-18 5.6536337e-10]
Label: climbing_hold    Predictions: [1.0000000e+00 7.8691259e-10 1.7281071e-13 8.3678377e-11 4.1712454e-12
 4.5518058e-11 7.7002660e-17 3.4980459e-08 1.0985880e-13 4.0168910e-12]
Label: climbing_hold    Predictions: [9.9999928e-01 3.4618615e-09 4.2986618e-13 3.3753217e-08 8.5272994e-13
 1.5473324e-11 3.6882048e-13 6.7486491e-07 9.1233248e-14 4.7404464e-10]
Label: climbing_hold    Predictions: [1.0000000e+00 1.0533858e-15 6.0982735e-16 1.1004828e-11 4.8319617e-15
 8.0950960e-16 4.1129385e-17 1.3803989e-11 2.4744252e-18 1.0666571e-11]
Label: climbing_hold    Predictions: [1.0000000e+00 6.4021580e-13 5.9435220e-13 2.6363018e-12 2.6503395e-11
 6.6118633e-13 1.4188104e-16 1.4921396e-08 1.9568147e-15 1.7513090e-08]
Label: climbing_hold    Predictions: [1.0000000e+00 8.3378006e-16 6.7847860e-18 6.0279920e-14 8.2032134e-16
 1.3886690e-16 6.6794855e-21 8.1411622e-12 2.1740593e-15 3.0131480e-15]
Label: climbing_hold    Predictions: [1.0000000e+00 2.5744793e-13 9.3050825e-14 3.0816170e-14 2.2103027e-14
 1.0057413e-13 3.7235079e-16 8.1679455e-12 4.3106208e-16 9.0868107e-10]
Label: climbing_hold    Predictions: [1.0000000e+00 3.8945827e-19 3.3981694e-21 2.1903217e-18 1.5972312e-18
 7.7998028e-18 6.6599572e-25 3.3276969e-18 2.0557965e-18 8.3240591e-19]
Label: climbing_hold    Predictions: [1.0000000e+00 7.6827831e-16 9.5964161e-17 3.1224856e-16 8.4221416e-13
 8.1745185e-13 2.2483609e-19 1.1754211e-12 1.6661891e-17 9.4475580e-11]
Label: climbing_hold    Predictions: [1.0000000e+00 1.7585864e-15 2.0336372e-18 1.3896560e-14 7.2824048e-17
 2.4363812e-16 1.0042446e-20 3.8245549e-15 1.1207711e-16 6.3732579e-17]
Label: climbing_hold    Predictions: [1.0000000e+00 4.7399129e-15 1.2149061e-17 1.7648911e-14 3.6060632e-13
 2.7787871e-15 1.3170430e-18 1.4064911e-09 2.5869604e-18 1.5501109e-10]
Label: climbing_hold    Predictions: [1.0000000e+00 4.6536733e-11 4.8248914e-14 1.1864033e-09 7.0174979e-14
 1.0323291e-13 1.4492312e-14 5.5645231e-08 2.7524545e-15 3.5366432e-11]
Label: climbing_hold    Predictions: [1.0000000e+00 1.0918515e-12 3.6188183e-16 2.7218151e-11 7.4366719e-16
 3.1150397e-15 2.4495572e-17 6.4170219e-10 7.9999615e-16 1.0958757e-13]
Label: climbing_hold    Predictions: [1.0000000e+00 2.6274074e-19 1.7960319e-21 2.8063093e-18 5.6649201e-19
 4.5814387e-18 2.7497555e-24 2.3161984e-16 5.3168306e-19 3.0554940e-19]
Label: climbing_hold    Predictions: [1.0000000e+00 4.7031608e-19 2.0772195e-21 4.4498429e-18 1.0566965e-18
 5.8169433e-18 2.9820770e-24 3.5086032e-16 7.7450074e-19 3.5176843e-19]
Label: climbing_hold    Predictions: [1.0000000e+00 8.8136508e-19 3.0423251e-21 8.0549202e-18 1.7328590e-18
 8.7817398e-18 5.8890202e-24 4.6546022e-16 7.5887762e-19 4.7533567e-19]
Label: climbing_hold    Predictions: [1.0000000e+00 1.9841036e-19 9.0310980e-19 1.2063729e-15 9.7417325e-18
 8.1754292e-19 1.8479191e-21 1.1670242e-15 1.5380040e-21 1.8364325e-14]
Label: climbing_hold    Predictions: [1.0000000e+00 1.0011784e-17 1.1881449e-16 1.8213645e-16 3.0243084e-14
 2.9941981e-14 3.2156776e-21 2.6894840e-15 5.0992016e-18 9.5407397e-12]
Label: climbing_hold    Predictions: [1.0000000e+00 2.8672952e-12 4.9797612e-13 8.6282130e-14 3.6618271e-11
 1.3151549e-11 1.8442065e-15 2.0005010e-11 5.5627608e-16 5.2807967e-09]
Label: clip    Predictions: [4.7699722e-10 1.0000000e+00 3.9506723e-12 1.5397431e-08 2.3779545e-09
 6.0073981e-11 1.1947372e-09 7.2551049e-10 2.2266701e-10 5.8092170e-10]
Label: clip    Predictions: [6.0886155e-06 9.9957246e-01 1.8894686e-06 1.3026355e-04 1.0296192e-05
 1.4567852e-05 5.2434138e-05 2.0569813e-04 1.4477142e-06 4.9054447e-06]
Label: clip    Predictions: [7.1621740e-09 9.9999952e-01 2.4490979e-10 7.5555391e-08 5.3468476e-08
 7.0679658e-09 2.2331670e-07 7.9172906e-08 8.2575502e-10 7.8362197e-09]
Label: clip    Predictions: [1.0338467e-08 9.9999976e-01 7.9039919e-10 9.8770705e-08 5.7289515e-08
 2.9270986e-09 4.5861821e-08 3.2310624e-08 1.6939488e-09 1.6221103e-08]
Label: clip    Predictions: [6.3016157e-09 9.9999988e-01 3.4087868e-11 1.2800537e-08 5.2614326e-09
 1.2357505e-09 1.1027893e-08 5.1853206e-08 1.4210785e-10 1.1943384e-09]
Label: clip    Predictions: [1.0338467e-08 9.9999976e-01 7.9039919e-10 9.8770705e-08 5.7289515e-08
 2.9270986e-09 4.5861821e-08 3.2310624e-08 1.6939488e-09 1.6221103e-08]
Label: clip    Predictions: [1.6929048e-08 9.9999321e-01 7.0773337e-10 4.0606940e-07 7.0297020e-08
 9.9095558e-08 2.4191700e-06 3.8201065e-06 2.0190540e-09 9.4870121e-09]
Label: clip    Predictions: [6.23023709e-07 9.99973059e-01 2.12817266e-08 1.15302655e-05
 5.40873884e-07 6.07184973e-07 3.93314986e-06 9.48484558e-06
 1.25804732e-07 1.13949341e-07]
Label: clip    Predictions: [2.5636490e-10 1.0000000e+00 2.0140723e-12 3.9994074e-08 4.9486630e-11
 3.4923894e-10 3.0262199e-09 6.4922144e-11 1.8229402e-11 7.0014654e-11]
Label: clip    Predictions: [1.2603311e-07 9.9996614e-01 9.6966053e-09 3.1345524e-05 2.6066544e-07
 1.5157987e-06 4.0066305e-07 1.6007620e-07 4.0249133e-09 3.1040560e-08]
Label: clip    Predictions: [1.0338467e-08 9.9999976e-01 7.9039919e-10 9.8770705e-08 5.7289515e-08
 2.9270986e-09 4.5861821e-08 3.2310624e-08 1.6939488e-09 1.6221103e-08]
Label: clip    Predictions: [6.8459755e-08 9.9999905e-01 1.2398764e-09 4.2909042e-07 3.4885286e-08
 1.4509074e-08 1.1103746e-07 1.6058836e-07 3.7740837e-09 5.1095594e-09]
Label: clip    Predictions: [1.7136358e-08 9.9999952e-01 3.3018688e-10 2.2704054e-07 1.8949669e-08
 1.5113766e-07 4.1317392e-08 9.9373620e-09 2.4171967e-10 3.0676764e-10]
Label: clip    Predictions: [1.0338467e-08 9.9999976e-01 7.9039919e-10 9.8770705e-08 5.7289515e-08
 2.9270986e-09 4.5861821e-08 3.2310624e-08 1.6939488e-09 1.6221103e-08]
Label: clip    Predictions: [9.4699537e-09 9.9999976e-01 6.7047690e-10 1.0161178e-07 4.4855007e-08
 3.6345882e-09 5.0047589e-08 3.5463678e-08 1.3992475e-09 1.6297641e-08]
Label: clip    Predictions: [2.5707089e-10 9.9999964e-01 2.7938945e-12 4.0632074e-07 1.7282081e-10
 2.5872873e-09 4.0851673e-09 2.1892314e-10 3.7247521e-11 1.4001296e-11]
Label: clip    Predictions: [1.1531404e-09 9.9999940e-01 3.6797419e-11 5.7291709e-07 2.0576250e-09
 1.7224210e-08 2.7684056e-08 1.9789612e-09 2.4560534e-10 1.2705315e-10]
Label: clip    Predictions: [6.8632366e-09 9.9999821e-01 4.5467130e-11 1.5372490e-06 1.1003209e-08
 2.4783051e-09 1.5647792e-07 8.9631413e-08 1.5354980e-10 4.5371014e-09]
Label: clip    Predictions: [9.0332064e-10 1.0000000e+00 4.3315638e-12 2.6483460e-09 9.4455976e-10
 2.1720173e-10 3.8112984e-09 2.8929645e-09 2.5977838e-11 1.0300315e-10]
Label: clip    Predictions: [1.0338467e-08 9.9999976e-01 7.9039919e-10 9.8770705e-08 5.7289515e-08
 2.9270986e-09 4.5861821e-08 3.2310624e-08 1.6939488e-09 1.6221103e-08]
Label: dasani    Predictions: [0.00000000e+00 0.00000000e+00 1.00000000e+00 6.19099142e-19
 2.94961581e-33 2.47161887e-29 1.80428452e-30 2.44095013e-30
 1.20256075e-20 9.51351326e-28]
Label: dasani    Predictions: [1.2445792e-04 4.1732310e-06 9.9918956e-01 9.6735694e-06 8.0511891e-06
 1.1450198e-05 4.3401358e-04 4.9027687e-05 9.6571399e-05 7.3032446e-05]
Label: dasani    Predictions: [0.0000000e+00 0.0000000e+00 1.0000000e+00 1.5575878e-22 4.0492446e-35
 9.5393736e-31 3.3658473e-31 9.7342990e-34 1.8871164e-26 7.4706397e-26]
Label: dasani    Predictions: [6.4054047e-09 4.1264586e-10 9.9993658e-01 2.9749646e-08 4.4041633e-09
 2.0805192e-08 1.0724212e-06 5.7894567e-07 6.1493010e-05 2.6081614e-07]
Label: dasani    Predictions: [8.89033529e-27 7.90128312e-28 1.00000000e+00 3.35169116e-15
 4.73026653e-23 2.82814838e-17 8.33966492e-19 9.38908560e-22
 1.00396546e-19 4.29280397e-14]
Label: dasani    Predictions: [5.6070038e-10 2.0111555e-11 9.9999785e-01 1.7619052e-09 2.1880543e-10
 1.1353345e-09 2.8492155e-07 6.8214497e-08 1.5697731e-06 2.3292776e-07]
Label: dasani    Predictions: [4.2006963e-07 1.6232717e-07 9.9984050e-01 9.1247978e-07 5.5942843e-07
 5.0955268e-08 1.4270379e-04 5.6374329e-06 8.2756942e-06 6.1933952e-07]
Label: dasani    Predictions: [1.7090567e-08 9.1828439e-10 9.9991775e-01 3.1031956e-08 1.2831892e-09
 1.8631988e-08 8.3990763e-06 6.5141188e-07 7.2730778e-05 4.0346376e-07]
Label: dasani    Predictions: [0.0000000e+00 0.0000000e+00 1.0000000e+00 1.4983233e-22 3.8438226e-35
 9.1944563e-31 3.2491017e-31 9.3199079e-34 1.8390537e-26 7.1439971e-26]
Label: dasani    Predictions: [4.0193606e-04 4.7011410e-05 9.8498118e-01 1.7443438e-04 3.6943693e-05
 5.1833969e-05 1.1617397e-02 3.9232391e-04 2.2829263e-03 1.3989999e-05]
Label: dasani    Predictions: [1.6164110e-32 2.8448818e-36 1.0000000e+00 6.2313951e-17 4.2369851e-29
 2.9935201e-24 3.8386674e-26 4.8580241e-29 1.8244684e-21 1.0811180e-22]
Label: dasani    Predictions: [1.0949537e-17 2.5185628e-19 9.9999964e-01 3.2490223e-07 5.0162469e-15
 1.2418877e-11 9.9750284e-11 2.4108093e-15 2.9586081e-10 2.4079846e-10]
Label: dasani    Predictions: [4.7697322e-05 1.2204942e-05 9.9321073e-01 5.4006152e-05 8.5018910e-06
 1.1547113e-05 2.8235996e-03 2.8659444e-04 3.5390737e-03 6.0407151e-06]
Label: dasani    Predictions: [1.47284226e-33 2.22381694e-37 1.00000000e+00 2.94107395e-20
 1.87384353e-28 6.26533176e-26 2.89292828e-26 1.24104571e-29
 1.02221606e-22 1.10953789e-21]
Label: dasani    Predictions: [6.2099260e-30 4.6766902e-31 1.0000000e+00 9.3538514e-19 5.0950979e-26
 4.7477814e-24 2.8257472e-22 1.2569972e-22 6.3802262e-21 7.0767866e-18]
Label: dasani    Predictions: [1.5998919e-38 0.0000000e+00 1.0000000e+00 1.7729612e-22 2.3237524e-34
 1.4482751e-29 1.0359396e-30 2.8260117e-33 7.7803367e-26 1.0116474e-25]
Label: dasani    Predictions: [1.5713566e-36 0.0000000e+00 1.0000000e+00 5.1368916e-22 6.8492779e-33
 1.2195472e-28 6.9539149e-29 1.7621850e-31 1.3425339e-24 8.2646811e-24]
Label: dasani    Predictions: [1.1082690e-09 6.9329202e-11 9.9974996e-01 6.2574195e-09 1.1341441e-09
 1.0941107e-09 9.1053602e-07 1.0547343e-08 2.4902847e-04 4.7342276e-08]
Label: dasani    Predictions: [1.7839637e-06 1.5868807e-08 9.9944466e-01 3.1618495e-07 1.9985268e-07
 2.8522084e-07 3.9540882e-05 1.7886894e-06 5.1073806e-04 6.2970065e-07]
Label: dasani    Predictions: [5.1410931e-05 3.7093789e-06 9.9960166e-01 6.6372349e-06 6.5284976e-06
 6.0339185e-06 1.2698979e-04 7.9659389e-05 3.7709870e-05 7.9514495e-05]
Label: glue    Predictions: [9.5548245e-08 9.9106300e-01 2.3760973e-09 8.9334305e-03 4.7973067e-08
 2.8915204e-06 7.4982943e-08 1.4836320e-07 1.2701885e-07 9.9648041e-08]
Label: glue    Predictions: [2.4547413e-09 9.9772376e-01 4.0533648e-09 2.2758881e-03 7.1042492e-09
 3.3316323e-07 3.3091577e-08 1.4851185e-08 5.9464060e-09 7.3696445e-09]
Label: glue    Predictions: [1.3936751e-36 2.1787229e-32 3.8465046e-21 1.0000000e+00 1.2577679e-32
 3.9598169e-30 8.6410574e-37 6.7462573e-32 1.0691611e-17 1.8692786e-31]
Label: glue    Predictions: [1.44510299e-35 1.10224248e-31 6.72972045e-20 1.00000000e+00
 9.19013826e-32 4.25483395e-29 2.36939340e-35 8.32311972e-31
 2.08429612e-17 1.33217355e-30]
Label: glue    Predictions: [0.0000000e+00 4.4372946e-35 8.2204009e-26 1.0000000e+00 1.3686748e-37
 7.2964474e-32 0.0000000e+00 3.9000925e-37 1.5751131e-29 2.1374162e-30]
Label: glue    Predictions: [5.8809896e-06 7.7552199e-02 4.7995491e-06 9.2233825e-01 6.0293735e-07
 3.9762934e-05 9.4105974e-07 2.6329059e-05 1.5827271e-05 1.5436161e-05]
Label: glue    Predictions: [2.2749668e-15 6.1451184e-11 1.8809971e-09 9.9999738e-01 1.6516236e-13
 2.5617167e-06 5.5527188e-08 1.4664824e-16 8.6845670e-12 3.2730528e-12]
Label: glue    Predictions: [1.8359565e-06 3.2592404e-01 5.3297599e-06 6.7405111e-01 6.7760681e-07
 4.6339328e-06 6.0311722e-06 2.0499026e-06 3.1502584e-06 1.0938143e-06]
Label: glue    Predictions: [7.6447355e-07 9.9646193e-01 2.7597136e-07 3.5083019e-03 7.3792586e-07
 1.0535072e-05 9.9246945e-06 5.5442911e-06 2.4773468e-07 1.7144614e-06]
Label: glue    Predictions: [2.0943522e-05 6.2411409e-02 9.5388996e-06 9.3730342e-01 1.8542947e-06
 4.9158389e-05 2.8163072e-06 1.2473189e-04 2.7539327e-05 4.8686139e-05]
Label: glue    Predictions: [9.0417861e-06 8.6718130e-01 2.1563294e-07 1.3277189e-01 2.5103165e-07
 2.7568070e-05 2.3924338e-07 8.5153360e-06 4.9815691e-07 4.8840008e-07]
Label: glue    Predictions: [7.0122813e-05 6.3860396e-05 1.5946594e-07 9.9475753e-01 8.4569528e-08
 5.0607375e-03 1.9599480e-07 1.7835587e-06 1.2732086e-06 4.4209748e-05]
Label: glue    Predictions: [8.5400639e-21 2.4873326e-19 4.1795732e-17 1.0000000e+00 1.1071407e-21
 8.3336597e-14 2.7510775e-24 3.6623046e-21 1.3935231e-18 1.5199570e-15]
Label: glue    Predictions: [7.2794091e-31 2.5673387e-25 1.1494567e-16 1.0000000e+00 1.4660928e-26
 2.0092166e-25 8.5449092e-31 7.3713305e-27 4.7532785e-14 3.7574055e-26]
Label: glue    Predictions: [0.0000000e+00 0.0000000e+00 3.8641736e-33 1.0000000e+00 0.0000000e+00
 2.1601220e-37 0.0000000e+00 0.0000000e+00 1.7139729e-31 0.0000000e+00]
Label: glue    Predictions: [6.7057289e-09 9.4156331e-01 2.5317934e-11 5.8436655e-02 2.1445923e-09
 3.2511835e-08 3.9622877e-10 1.0283339e-08 7.1445688e-10 4.3220361e-09]
Label: glue    Predictions: [6.79193803e-08 9.98724282e-01 1.89774019e-09 1.26905984e-03
 1.76876771e-08 5.79700645e-06 4.11899244e-08 5.36646155e-07
 2.40156535e-08 1.15270524e-07]
Label: glue    Predictions: [1.9655909e-08 9.9933124e-01 1.6929066e-09 6.6846696e-04 1.8344040e-09
 3.0131071e-07 3.1489591e-08 2.8907611e-08 6.4746892e-09 1.8309025e-08]
Label: glue    Predictions: [2.64361850e-38 2.59834412e-33 1.89845330e-25 1.00000000e+00
 1.28471725e-36 1.28877552e-30 0.00000000e+00 1.69124875e-37
 4.45226283e-29 5.21690647e-31]
Label: glue    Predictions: [6.7948957e-38 3.4158499e-33 1.3706819e-21 1.0000000e+00 3.8979457e-32
 1.7200214e-20 8.2274971e-32 2.0934934e-38 4.9344966e-26 9.2730450e-30]
Label: spray_bottle    Predictions: [4.4126422e-16 1.0035769e-15 4.4711895e-14 1.7961940e-16 1.0000000e+00
 1.9409497e-15 1.5485063e-10 4.3089862e-08 2.4983604e-14 5.3808313e-10]
Label: spray_bottle    Predictions: [2.2285586e-14 2.0895779e-12 1.5819832e-13 4.1761232e-15 9.9998963e-01
 2.5357180e-14 1.2335567e-10 1.0332572e-05 2.2429831e-12 3.0414822e-09]
Label: spray_bottle    Predictions: [1.0916893e-23 5.9071343e-23 2.3650849e-21 8.8489634e-25 1.0000000e+00
 2.6912075e-23 6.9449178e-17 3.8223564e-13 7.3609250e-22 2.5680067e-16]
Label: spray_bottle    Predictions: [2.02325597e-13 8.24671982e-13 1.52835435e-11 3.44917034e-14
 9.99989390e-01 3.02841779e-12 1.68524696e-08 1.06295365e-05
 1.63273377e-12 2.61034110e-08]
Label: spray_bottle    Predictions: [2.5378069e-24 4.7289033e-27 4.7110905e-22 2.2904128e-29 1.0000000e+00
 4.0132000e-27 4.2822928e-19 2.3001853e-13 5.6978674e-25 1.4231305e-16]
Label: spray_bottle    Predictions: [5.9112150e-23 1.0516085e-20 1.7763208e-20 1.0218062e-23 1.0000000e+00
 6.2428715e-22 2.9801656e-17 2.0704227e-11 1.0791129e-19 1.6601453e-14]
Label: spray_bottle    Predictions: [1.30927367e-18 5.43835452e-17 2.91930402e-17 4.40195950e-19
 1.00000000e+00 4.62444222e-17 8.74265504e-13 1.10295355e-08
 3.00248870e-15 5.20121168e-11]
Label: spray_bottle    Predictions: [1.7725497e-21 2.1868391e-19 1.8833331e-19 1.2941120e-21 1.0000000e+00
 3.0577662e-20 1.7010963e-15 3.3100489e-10 3.6886837e-18 8.5874958e-14]
Label: spray_bottle    Predictions: [1.6528418e-20 1.7439800e-18 5.2388750e-19 3.1515688e-21 1.0000000e+00
 4.9029749e-18 2.6579287e-14 2.3060898e-09 1.5771429e-17 1.6676652e-12]
Label: spray_bottle    Predictions: [7.5984199e-27 1.2701887e-24 1.7075705e-24 4.0343340e-28 1.0000000e+00
 9.0705285e-26 2.4717609e-21 2.3555389e-15 3.0102259e-25 1.7446796e-17]
Label: spray_bottle    Predictions: [1.1487796e-13 7.5148506e-14 1.1769299e-11 1.6223865e-16 9.9998152e-01
 9.1150571e-14 3.1972114e-09 1.8430250e-05 4.4725844e-13 1.7770002e-08]
Label: spray_bottle    Predictions: [2.51241788e-15 2.89136708e-15 1.31293048e-13 6.22974897e-19
 1.00000000e+00 1.45152097e-15 9.57081289e-12 1.33170825e-08
 3.95525582e-16 3.45542372e-10]
Label: spray_bottle    Predictions: [2.5378069e-24 4.7289033e-27 4.7110905e-22 2.2904128e-29 1.0000000e+00
 4.0132000e-27 4.2822928e-19 2.3001853e-13 5.6978674e-25 1.4231305e-16]
Label: spray_bottle    Predictions: [4.8945288e-12 5.2490898e-12 1.6716044e-10 4.3575470e-15 9.9990916e-01
 2.7666459e-12 6.4053054e-08 9.0531837e-05 2.1648325e-12 2.0018805e-07]
Label: spray_bottle    Predictions: [4.1369958e-18 1.5152654e-18 3.6906999e-16 3.5958304e-20 1.0000000e+00
 7.2484497e-18 2.9686115e-12 4.1411496e-10 4.1656809e-15 5.1180817e-12]
Label: spray_bottle    Predictions: [1.6897773e-12 5.4225006e-12 6.8639555e-13 4.4812617e-15 1.0000000e+00
 2.2782232e-13 2.6703839e-10 2.7303466e-08 5.5501389e-12 9.9775110e-10]
Label: spray_bottle    Predictions: [9.8105844e-16 2.7264635e-16 1.5486173e-15 1.3433111e-18 9.9999988e-01
 1.0709786e-15 1.0269509e-11 1.0461896e-07 6.7577709e-13 2.9392155e-10]
Label: spray_bottle    Predictions: [2.7664528e-24 7.1795044e-21 2.5917461e-22 2.4735777e-24 1.0000000e+00
 3.3518309e-23 3.8918908e-21 5.2871500e-15 2.5883571e-22 4.2087259e-16]
Label: spray_bottle    Predictions: [3.6645630e-24 7.6537455e-21 7.8640213e-22 8.5212696e-25 1.0000000e+00
 1.1231774e-22 3.9046858e-18 4.8598638e-12 4.7984038e-22 1.1371544e-14]
Label: spray_bottle    Predictions: [1.6718667e-15 2.7650054e-14 8.5222438e-14 9.1778243e-17 9.9999809e-01
 2.9129622e-14 7.0950433e-11 1.9131298e-06 3.4938965e-13 1.4144874e-08]
Label: toothbrushes    Predictions: [4.2569671e-26 9.5378578e-21 1.2518399e-20 1.3467881e-10 2.9642158e-23
 1.0000000e+00 3.4454015e-17 1.4021596e-28 2.4215800e-19 1.4385744e-20]
Label: toothbrushes    Predictions: [2.5655710e-29 8.1707274e-25 6.5285296e-24 3.4998340e-16 6.2050129e-26
 1.0000000e+00 5.7460360e-19 1.4245915e-31 1.2930940e-23 1.7086074e-23]
Label: toothbrushes    Predictions: [6.7111061e-28 5.7735798e-22 2.7755883e-22 3.5006024e-12 1.1283509e-24
 1.0000000e+00 3.2824979e-18 7.8304618e-30 3.1216594e-19 2.9626134e-21]
Label: toothbrushes    Predictions: [8.0205998e-28 1.3413805e-26 2.2715861e-19 2.9001902e-17 2.2880543e-22
 1.0000000e+00 4.1822398e-23 2.5998170e-29 1.0621974e-17 4.5503385e-15]
Label: toothbrushes    Predictions: [7.2688719e-29 2.3914871e-27 1.1565532e-20 1.1504995e-18 2.6071941e-23
 1.0000000e+00 1.7027505e-24 1.1543435e-30 7.6999687e-18 1.0769930e-15]
Label: toothbrushes    Predictions: [5.8498393e-16 3.4014515e-13 9.1740397e-14 5.2150291e-11 1.5193904e-13
 1.0000000e+00 2.0699813e-14 1.0386461e-15 1.4189418e-10 4.0399034e-12]
Label: toothbrushes    Predictions: [1.4297825e-20 2.3960077e-19 1.4884382e-16 7.5191226e-13 1.0138817e-15
 1.0000000e+00 1.0363783e-15 2.4921142e-23 1.7768312e-14 1.5965285e-13]
Label: toothbrushes    Predictions: [1.2419414e-13 7.7956313e-12 5.7691124e-10 1.6988574e-09 9.0593193e-12
 9.9999988e-01 4.3046725e-12 2.3830756e-13 9.8704234e-08 2.1771584e-08]
Label: toothbrushes    Predictions: [1.1074415e-11 7.0836315e-10 9.4532231e-09 4.8313935e-09 6.9619380e-11
 9.9999952e-01 3.6943102e-09 5.2633221e-11 4.3890273e-07 9.1335579e-08]
Label: toothbrushes    Predictions: [2.7248965e-21 3.3648682e-14 9.1093007e-17 1.6315565e-03 3.2911360e-18
 9.9836844e-01 2.6947106e-15 5.6256304e-22 1.0571333e-15 1.4947276e-13]
Label: toothbrushes    Predictions: [7.2688719e-29 2.3914871e-27 1.1565532e-20 1.1504995e-18 2.6071941e-23
 1.0000000e+00 1.7027505e-24 1.1543435e-30 7.6999687e-18 1.0769930e-15]
Label: toothbrushes    Predictions: [1.1847867e-16 7.2379272e-13 7.9325262e-13 4.0310285e-12 5.8075294e-15
 1.0000000e+00 2.7955007e-15 7.4355983e-15 7.9516969e-11 1.3718626e-12]
Label: toothbrushes    Predictions: [7.2688719e-29 2.3914871e-27 1.1565532e-20 1.1504995e-18 2.6071941e-23
 1.0000000e+00 1.7027505e-24 1.1543435e-30 7.6999687e-18 1.0769930e-15]
Label: toothbrushes    Predictions: [5.3613162e-16 3.3382756e-13 2.3582047e-10 6.3058934e-07 4.2834446e-14
 9.9999940e-01 6.8092509e-09 1.8987778e-14 3.6369702e-10 2.5926256e-10]
Label: toothbrushes    Predictions: [7.7624463e-22 1.6198592e-20 4.7584982e-16 2.3839011e-11 5.1949196e-17
 1.0000000e+00 3.8853589e-16 6.0833092e-24 2.2605843e-13 8.1953682e-15]
Label: toothbrushes    Predictions: [5.0969341e-30 5.0212144e-27 3.7770790e-26 6.7553411e-19 9.8083881e-29
 1.0000000e+00 3.3901520e-15 4.8479159e-29 4.4787847e-22 5.5052177e-22]
Label: toothbrushes    Predictions: [2.6407285e-21 4.4190576e-17 1.4054838e-15 2.2789307e-10 2.0358870e-19
 1.0000000e+00 4.4178490e-15 3.3152334e-23 1.7413567e-15 2.3616414e-13]
Label: toothbrushes    Predictions: [1.5249361e-15 3.3065284e-12 4.6099247e-10 2.6489467e-06 7.4048173e-13
 9.9999738e-01 1.5459069e-08 5.5744954e-15 4.2114420e-10 1.1344897e-09]
Label: toothbrushes    Predictions: [1.7073336e-19 3.6568161e-22 1.8099380e-14 1.0420180e-10 3.2055365e-21
 9.9999988e-01 1.2402738e-07 1.9461421e-20 6.9325365e-15 1.3009426e-13]
Label: toothbrushes    Predictions: [5.1026979e-28 1.0772582e-26 3.6332324e-23 2.6281116e-17 3.6496700e-28
 1.0000000e+00 3.4705688e-14 3.5648672e-28 4.1339765e-21 5.1675940e-21]
Label: toothpaste    Predictions: [7.0269467e-16 2.2548989e-14 7.4829046e-11 2.3541897e-09 2.5811389e-15
 2.2456968e-10 1.0000000e+00 1.0190890e-12 7.8716927e-10 1.7309624e-11]
Label: toothpaste    Predictions: [2.8463530e-17 7.8296854e-15 6.1389691e-12 1.6245921e-10 3.1911604e-16
 1.0685610e-11 1.0000000e+00 1.7826359e-14 2.2247681e-10 1.2947993e-12]
Label: toothpaste    Predictions: [3.9917308e-17 6.1399718e-17 4.1482703e-11 5.9539332e-11 6.7472552e-15
 1.9208283e-06 9.9999809e-01 1.0117125e-15 1.0049954e-13 4.2919471e-13]
Label: toothpaste    Predictions: [3.9917308e-17 6.1399718e-17 4.1482703e-11 5.9539332e-11 6.7472552e-15
 1.9208283e-06 9.9999809e-01 1.0117125e-15 1.0049954e-13 4.2919471e-13]
Label: toothpaste    Predictions: [3.1914034e-16 3.3441006e-17 1.9854041e-09 2.0597352e-12 4.0127969e-14
 2.6179157e-07 9.9999976e-01 1.5469678e-14 1.1008432e-12 4.4472141e-13]
Label: toothpaste    Predictions: [1.6611770e-15 6.6605975e-16 1.3093595e-09 2.8512753e-10 4.3097887e-13
 1.3910041e-09 1.0000000e+00 2.0850876e-13 5.2137634e-12 1.3733680e-12]
Label: toothpaste    Predictions: [7.1577098e-13 9.6051561e-12 7.3447981e-10 8.9035545e-08 4.6966712e-11
 8.6380645e-09 9.9999988e-01 9.4573505e-10 4.3753651e-08 4.3329723e-10]
Label: toothpaste    Predictions: [3.3285118e-16 1.0350461e-16 2.0051193e-07 2.3683389e-10 2.1375158e-13
 5.2303339e-09 9.9999976e-01 2.7614158e-14 2.7135001e-11 3.3503769e-13]
Label: toothpaste    Predictions: [1.1717916e-16 2.3464872e-16 1.4946894e-10 2.2396301e-10 1.4076756e-14
 4.4584394e-06 9.9999559e-01 2.9441667e-15 2.4610579e-13 9.4695877e-13]
Label: toothpaste    Predictions: [1.9450175e-16 3.1601478e-16 1.9614978e-10 6.3326830e-11 2.5423154e-14
 2.3115104e-05 9.9997687e-01 1.0072438e-14 5.1950973e-13 5.4053784e-12]
Label: toothpaste    Predictions: [3.9917308e-17 6.1399718e-17 4.1482703e-11 5.9539332e-11 6.7472552e-15
 1.9208283e-06 9.9999809e-01 1.0117125e-15 1.0049954e-13 4.2919471e-13]
Label: toothpaste    Predictions: [4.4181619e-10 4.0839307e-12 4.8757692e-11 8.5218401e-09 1.2399529e-07
 4.1790443e-10 9.9999964e-01 2.9614512e-08 1.7831873e-07 3.6406536e-08]
Label: toothpaste    Predictions: [4.0533439e-07 1.3842475e-07 7.9389395e-07 1.5174582e-02 4.5703786e-08
 1.5232377e-01 8.3101928e-01 1.6518667e-05 4.8970549e-07 1.4639992e-03]
Label: toothpaste    Predictions: [3.9917308e-17 6.1399718e-17 4.1482703e-11 5.9539332e-11 6.7472552e-15
 1.9208283e-06 9.9999809e-01 1.0117125e-15 1.0049954e-13 4.2919471e-13]
Label: toothpaste    Predictions: [4.94422024e-18 9.68327748e-16 4.84435083e-13 6.31796560e-11
 8.61212014e-17 1.61579257e-12 1.00000000e+00 6.11019922e-15
 1.50663388e-11 1.13080694e-13]
Label: toothpaste    Predictions: [4.6107507e-19 1.2073424e-18 7.4827400e-13 2.0464246e-09 1.5036300e-16
 1.1167752e-11 1.0000000e+00 3.9950424e-14 8.7726972e-11 3.7326702e-14]
Label: toothpaste    Predictions: [7.9901372e-17 3.7893405e-14 3.0133840e-11 3.9764362e-08 4.6854803e-14
 3.2577584e-12 1.0000000e+00 3.4989633e-14 1.3373960e-10 2.9394427e-12]
Label: toothpaste    Predictions: [7.4629728e-20 9.9209148e-19 8.2628152e-14 3.1417539e-11 3.5611068e-18
 7.1440277e-14 1.0000000e+00 8.2717167e-16 8.2484746e-13 3.1324011e-15]
Label: toothpaste    Predictions: [5.2366694e-15 7.9105628e-12 8.4064649e-09 3.5148612e-06 1.1551120e-12
 3.5363218e-10 9.9999642e-01 9.3763896e-13 2.5078695e-08 1.9145291e-11]
Label: toothpaste    Predictions: [1.6034752e-08 1.1676344e-05 3.4710874e-07 2.3858824e-05 4.7244768e-08
 2.8674796e-07 9.9995601e-01 3.2290636e-06 3.8081139e-06 7.3105883e-07]
Label: watermelon    Predictions: [9.6502689e-17 9.6151868e-15 5.1502643e-18 6.1871900e-19 4.7304527e-13
 7.7273931e-18 8.3027922e-16 1.0000000e+00 1.9939769e-17 8.8991433e-15]
Label: watermelon    Predictions: [2.8008024e-10 1.1825569e-11 3.4383332e-12 2.7324380e-14 1.6256997e-09
 1.4841599e-13 1.6061774e-09 1.0000000e+00 1.9747652e-13 3.5601433e-10]
Label: watermelon    Predictions: [1.0379970e-14 2.4396434e-14 3.6912892e-17 1.7417936e-17 2.5251431e-12
 1.0677591e-17 5.6573517e-15 1.0000000e+00 2.5306152e-16 5.6838099e-14]
Label: watermelon    Predictions: [2.0993000e-06 2.5697650e-06 1.2541173e-08 6.4605118e-08 5.6131821e-08
 4.0867491e-07 4.4295476e-08 9.9999368e-01 4.3954436e-09 1.0430306e-06]
Label: watermelon    Predictions: [1.2370501e-09 5.4100269e-10 1.3102351e-11 5.2570491e-13 1.5285170e-10
 8.8291961e-12 2.0532558e-12 1.0000000e+00 3.1713599e-13 7.3871620e-09]
Label: watermelon    Predictions: [1.2370501e-09 5.4100269e-10 1.3102351e-11 5.2570491e-13 1.5285170e-10
 8.8291961e-12 2.0532558e-12 1.0000000e+00 3.1713599e-13 7.3871620e-09]
Label: watermelon    Predictions: [9.8895596e-14 2.8939921e-12 1.8011074e-15 1.8735058e-15 1.8416442e-11
 1.5147195e-14 4.4645871e-13 1.0000000e+00 9.7917847e-15 3.7414629e-12]
Label: watermelon    Predictions: [1.87290761e-09 1.50060908e-10 5.27526200e-12 3.63817456e-13
 6.79277329e-11 1.09232085e-11 1.81848015e-12 1.00000000e+00
 3.10138959e-13 2.13408646e-09]
Label: watermelon    Predictions: [1.1900818e-16 1.1883229e-14 3.3778576e-18 6.5465271e-19 4.7997804e-13
 7.3268730e-18 5.6490459e-16 1.0000000e+00 1.3802552e-17 9.6439851e-15]
Label: watermelon    Predictions: [1.03357385e-10 1.26485185e-11 3.53205703e-12 8.78710218e-14
 5.38278400e-09 9.77134159e-14 1.48203272e-09 1.00000000e+00
 3.40952500e-13 5.44644996e-10]
Label: watermelon    Predictions: [9.6502689e-17 9.6151868e-15 5.1502643e-18 6.1871900e-19 4.7304527e-13
 7.7273931e-18 8.3027922e-16 1.0000000e+00 1.9939769e-17 8.8991433e-15]
Label: watermelon    Predictions: [1.2420369e-05 4.6322319e-05 1.4148535e-06 1.4665222e-06 1.8314273e-05
 3.4305106e-06 1.1927187e-06 9.9987066e-01 9.9299086e-08 4.4685512e-05]
Label: watermelon    Predictions: [4.9529049e-06 2.7522990e-06 3.0810970e-08 1.2938242e-08 1.3042460e-07
 1.6277294e-08 6.9054775e-09 9.9998844e-01 8.3816856e-11 3.7064744e-06]
Label: watermelon    Predictions: [1.6545080e-05 1.7822880e-05 4.0056821e-06 7.9140347e-07 4.4628223e-06
 1.5202238e-05 2.3512575e-06 9.9987757e-01 2.0825377e-07 6.0886479e-05]
Label: watermelon    Predictions: [2.2048142e-12 1.9072018e-12 3.4540377e-15 1.0293414e-15 6.1335941e-13
 2.2889715e-14 7.3352990e-16 1.0000000e+00 2.3505996e-17 4.9740834e-10]
Label: watermelon    Predictions: [2.9090647e-10 1.5753025e-10 2.4578755e-12 9.4816624e-14 4.4727999e-11
 3.1885993e-12 2.3462685e-13 1.0000000e+00 1.1021684e-13 1.9724504e-09]
Label: watermelon    Predictions: [5.7585670e-08 4.1375768e-07 2.7552847e-09 5.5658039e-10 9.7007296e-07
 9.6822395e-10 1.5733979e-08 9.9999845e-01 7.0115735e-10 1.5788250e-07]
Label: watermelon    Predictions: [2.5404263e-09 9.4600473e-08 4.1052636e-10 1.1937545e-10 6.2581023e-08
 6.4499794e-10 2.8637642e-08 9.9999976e-01 4.5202539e-10 1.6905444e-08]
Label: watermelon    Predictions: [1.2681740e-10 1.7368159e-11 1.2812806e-11 2.8823494e-14 4.5631148e-11
 4.4704266e-12 7.4328120e-13 1.0000000e+00 1.4044715e-14 1.0281285e-08]
Label: watermelon    Predictions: [2.5064784e-11 2.1757313e-11 3.2810371e-12 9.7141066e-14 5.6072862e-09
 4.4889740e-13 6.2944416e-10 1.0000000e+00 1.8641768e-12 1.3386031e-10]
Label: wipes    Predictions: [7.3427239e-22 2.1073157e-22 4.9139851e-18 1.3062225e-15 3.8882609e-18
 9.1019340e-18 1.1672759e-11 1.2587342e-22 1.0000000e+00 1.4505361e-22]
Label: wipes    Predictions: [6.8856676e-25 2.3060103e-28 1.4017879e-17 4.8091617e-14 8.1868600e-17
 3.4029057e-20 1.0829604e-19 2.4377856e-23 1.0000000e+00 6.1263218e-24]
Label: wipes    Predictions: [0.00000000e+00 3.66123948e-38 3.12381204e-21 1.70516118e-25
 3.92692169e-36 1.12612675e-26 1.15422051e-37 6.21507339e-36
 1.00000000e+00 5.74476861e-25]
Label: wipes    Predictions: [1.3960142e-24 2.0959144e-23 8.7260787e-13 9.0488273e-18 9.3455531e-24
 1.1990449e-13 2.2592099e-20 7.7327186e-21 1.0000000e+00 1.8370624e-11]
Label: wipes    Predictions: [2.4503872e-26 1.4901081e-24 2.8749027e-15 1.5048801e-17 1.3833399e-23
 1.9446120e-14 2.9767033e-15 5.0539074e-25 1.0000000e+00 7.6035115e-15]
Label: wipes    Predictions: [3.0064421e-38 5.5029799e-34 3.2518313e-15 2.7289348e-20 1.0728223e-31
 2.7747826e-23 2.2009862e-31 1.9566570e-31 1.0000000e+00 9.8128085e-28]
Label: wipes    Predictions: [1.0170364e-14 7.5549997e-16 3.3721378e-07 4.3059374e-14 6.5005659e-09
 1.8498814e-10 1.1818555e-02 8.4925681e-08 9.8818099e-01 2.6035439e-12]
Label: wipes    Predictions: [0.0000000e+00 1.6988454e-38 4.0220223e-22 2.7732226e-26 1.8101940e-36
 1.4945414e-26 8.1326122e-38 2.4148806e-36 1.0000000e+00 6.2755014e-25]
Label: wipes    Predictions: [1.47616541e-27 1.90111012e-28 3.03519446e-22 1.69631995e-23
 2.01859140e-23 1.06878036e-20 4.55773539e-24 1.98173437e-28
 1.00000000e+00 9.32236375e-26]
Label: wipes    Predictions: [3.3453186e-29 4.3387673e-30 1.2743973e-23 8.6500515e-24 5.5763990e-24
 4.0261060e-22 9.9743856e-26 9.7969357e-31 1.0000000e+00 3.6070557e-27]
Label: wipes    Predictions: [3.0476279e-14 4.6020732e-11 1.4731298e-10 7.2169107e-12 7.5860227e-13
 2.4594053e-08 1.2940723e-05 5.9856520e-13 9.9998701e-01 5.9173355e-10]
Label: wipes    Predictions: [1.6452953e-17 6.2675588e-17 6.7496370e-11 2.2257832e-13 1.9686508e-16
 6.9919164e-09 2.5583840e-13 3.0886487e-14 9.9999988e-01 1.6483851e-07]
Label: wipes    Predictions: [3.1720692e-31 8.8301079e-34 7.3716478e-25 2.3882841e-22 1.1703452e-23
 5.4523360e-24 2.8340847e-27 7.6805152e-34 1.0000000e+00 9.7529121e-28]
Label: wipes    Predictions: [1.1191955e-22 1.3992505e-24 8.8317247e-19 1.2520314e-12 2.0069381e-21
 2.9053819e-18 3.4283600e-12 3.0486972e-25 1.0000000e+00 2.2417117e-22]
Label: wipes    Predictions: [5.1430549e-27 2.2196375e-23 5.6261553e-19 2.3075144e-21 3.4047816e-24
 1.3467176e-19 3.2182721e-18 1.0706798e-24 1.0000000e+00 3.0743241e-15]
Label: wipes    Predictions: [1.2132860e-38 0.0000000e+00 3.1862307e-33 3.0012152e-24 3.9760908e-29
 9.5878124e-33 2.6857552e-35 0.0000000e+00 1.0000000e+00 0.0000000e+00]
Label: wipes    Predictions: [2.1064953e-30 2.3380651e-29 1.5586073e-18 1.7389750e-21 3.0378146e-28
 3.4475471e-23 1.0910684e-24 3.7982716e-28 1.0000000e+00 8.9421729e-19]
Label: wipes    Predictions: [4.78813378e-27 1.34393366e-30 1.24650105e-23 3.55066203e-18
 1.12685033e-23 4.29185995e-19 3.09276869e-22 2.85935115e-29
 1.00000000e+00 4.08950152e-25]
Label: wipes    Predictions: [2.0283070e-14 3.7725854e-19 2.7143793e-12 8.4611185e-14 5.4506482e-14
 7.6447199e-12 9.8380166e-09 8.4850484e-15 1.0000000e+00 5.8517644e-14]
Label: wipes    Predictions: [0.0000000e+00 1.6988454e-38 4.0220223e-22 2.7732226e-26 1.8101940e-36
 1.4945414e-26 8.1326122e-38 2.4148806e-36 1.0000000e+00 6.2755014e-25]
Label: zoink    Predictions: [7.6377722e-26 4.5395175e-31 1.8525024e-18 1.4164214e-29 1.0867299e-20
 2.7190657e-18 4.3450893e-25 8.9386171e-21 2.3493360e-24 1.0000000e+00]
Label: zoink    Predictions: [6.3557337e-23 1.8464778e-25 1.2172293e-11 2.7149151e-14 2.8936342e-19
 1.2838781e-12 6.6638591e-21 6.3005293e-22 4.4503828e-12 1.0000000e+00]
Label: zoink    Predictions: [3.7927937e-23 9.3338837e-28 4.2398200e-19 7.4777643e-27 2.8329382e-20
 1.8761072e-17 6.4109356e-23 4.9815701e-19 3.8076801e-24 1.0000000e+00]
Label: zoink    Predictions: [2.9043028e-21 5.4127876e-27 4.9035999e-15 2.2028482e-26 9.1277292e-19
 8.7501016e-19 4.3077847e-20 5.7640440e-17 8.7085593e-23 1.0000000e+00]
Label: zoink    Predictions: [1.1171345e-09 4.2555683e-13 3.2605049e-06 8.8750177e-13 8.7034930e-09
 1.8643499e-10 3.3198159e-08 8.7880937e-05 5.5731215e-18 9.9990880e-01]
Label: zoink    Predictions: [5.4247736e-28 2.8648453e-35 3.8760076e-21 1.8655235e-32 1.7262248e-22
 2.1168768e-17 2.4158958e-27 5.5202060e-24 3.7868770e-25 1.0000000e+00]
Label: zoink    Predictions: [3.2077038e-10 2.2301397e-14 1.2394950e-06 2.3291248e-14 4.4226434e-10
 1.3729322e-11 5.5204836e-09 3.7624627e-06 1.1880200e-18 9.9999499e-01]
Label: zoink    Predictions: [1.9356986e-24 2.2797182e-28 3.3063850e-20 5.1213628e-27 3.6953397e-21
 6.2557902e-15 6.7334586e-23 8.3329826e-20 2.9902903e-24 1.0000000e+00]
Label: zoink    Predictions: [1.4156289e-27 4.4364869e-33 4.1532330e-19 5.1750272e-30 1.9827461e-22
 1.9183718e-17 3.0471025e-26 6.9929644e-22 1.0452239e-23 1.0000000e+00]
Label: zoink    Predictions: [5.8196143e-23 1.7324214e-27 5.2458675e-14 1.9868169e-17 1.3109171e-19
 2.2331442e-13 2.2596213e-22 8.4972260e-23 5.2087333e-16 1.0000000e+00]
Label: zoink    Predictions: [8.6857054e-22 2.9348977e-28 1.5031604e-15 1.1793963e-19 1.7023520e-19
 2.7722018e-15 2.8085328e-21 1.5309630e-20 1.4828488e-18 1.0000000e+00]
Label: zoink    Predictions: [3.3958979e-23 2.5781822e-26 7.6178210e-16 3.7294881e-26 7.7714098e-18
 1.0848708e-19 4.1467583e-19 3.6824992e-17 6.8095691e-27 1.0000000e+00]
Label: zoink    Predictions: [5.4247736e-28 2.8648453e-35 3.8760076e-21 1.8655235e-32 1.7262248e-22
 2.1168768e-17 2.4158958e-27 5.5202060e-24 3.7868770e-25 1.0000000e+00]
Label: zoink    Predictions: [5.4247736e-28 2.8648453e-35 3.8760076e-21 1.8655235e-32 1.7262248e-22
 2.1168768e-17 2.4158958e-27 5.5202060e-24 3.7868770e-25 1.0000000e+00]
Label: zoink    Predictions: [1.9356986e-24 2.2797182e-28 3.3063850e-20 5.1213628e-27 3.6953397e-21
 6.2557902e-15 6.7334586e-23 8.3329826e-20 2.9902903e-24 1.0000000e+00]
Label: zoink    Predictions: [2.0491870e-12 2.6031078e-17 1.9815496e-09 1.7415744e-17 2.1460361e-11
 1.3572046e-12 9.0607886e-12 2.8290217e-10 4.2665906e-19 1.0000000e+00]
Label: zoink    Predictions: [4.1215526e-21 1.4669759e-27 3.0946914e-15 4.2859873e-26 1.8197862e-18
 9.3836227e-19 9.1610725e-20 4.7000806e-17 4.6688275e-24 1.0000000e+00]
Label: zoink    Predictions: [5.8176832e-23 5.9172518e-26 4.1879861e-16 8.9260298e-24 2.1440604e-18
 4.6394836e-15 1.7697390e-21 4.6948482e-17 1.2529394e-19 1.0000000e+00]
Label: zoink    Predictions: [6.1639411e-18 1.0591809e-21 1.0452910e-13 4.1467879e-20 2.2397281e-15
 1.8975579e-15 7.7233639e-16 3.5713850e-14 1.0610387e-18 1.0000000e+00]
Label: zoink    Predictions: [1.9631221e-18 1.0996757e-25 8.0746219e-15 1.1764728e-16 1.1166865e-17
 1.1675453e-11 5.3611833e-21 7.9642670e-18 2.2823089e-15 1.0000000e+00]
