Label: climbing_hold    Predictions: [1.0000000e+00 9.4835121e-13 7.3503890e-18 1.0752580e-20 2.1211306e-15
 2.1188074e-17 1.9985449e-18 1.8886156e-17 1.2781145e-19 1.7594502e-17]
Label: climbing_hold    Predictions: [1.0000000e+00 1.4276878e-15 1.1505390e-18 4.2799024e-22 3.0813717e-13
 1.4237520e-20 6.4084692e-22 1.8928476e-19 7.9564768e-22 8.8611129e-20]
Label: climbing_hold    Predictions: [1.0000000e+00 3.9354795e-16 2.9367509e-17 9.2358470e-20 6.9151770e-17
 4.0665672e-27 3.6402456e-19 7.5417051e-12 3.3831319e-18 1.7363775e-20]
Label: climbing_hold    Predictions: [1.0000000e+00 5.0668139e-13 2.6743909e-17 1.7664030e-18 1.0362286e-14
 1.9921612e-23 8.7073854e-18 2.7745653e-12 9.8072556e-16 3.5706849e-17]
Label: climbing_hold    Predictions: [1.0000000e+00 1.0585586e-14 3.1712375e-14 3.1546360e-21 1.0811552e-14
 3.7106839e-19 2.5172202e-18 9.1780817e-18 2.2883024e-19 1.9038476e-19]
Label: climbing_hold    Predictions: [1.0000000e+00 5.5565407e-18 1.0979980e-19 2.9037967e-26 5.7033513e-16
 2.5405164e-26 3.0306345e-23 1.5707163e-20 1.0420499e-25 1.3676519e-22]
Label: climbing_hold    Predictions: [1.0000000e+00 9.6623395e-12 1.0503318e-16 1.4329112e-20 5.3152370e-12
 6.4512248e-21 9.0586317e-19 2.6139528e-14 1.3277582e-17 9.3079346e-19]
Label: climbing_hold    Predictions: [1.00000000e+00 1.08346565e-17 1.31885160e-20 9.36717696e-25
 1.97919751e-19 1.03123558e-23 5.12444107e-23 3.38843512e-21
 2.92077353e-25 8.56358116e-22]
Label: climbing_hold    Predictions: [1.0000000e+00 3.0248505e-14 9.4872223e-24 8.7485817e-23 7.0963780e-20
 2.1028685e-28 3.0582382e-24 8.7609809e-21 6.9532235e-22 9.4378412e-24]
Label: climbing_hold    Predictions: [1.0000000e+00 7.5286083e-13 7.8798623e-18 1.2945274e-20 2.0338729e-15
 2.0295229e-17 1.7480163e-18 2.0720954e-17 1.1812422e-19 1.9845747e-17]
Label: climbing_hold    Predictions: [1.00000000e+00 4.65357733e-14 1.29921526e-23 2.34699956e-23
 2.90331027e-18 4.02360816e-27 5.99897472e-21 1.35585384e-16
 2.68750522e-22 5.89214662e-23]
Label: climbing_hold    Predictions: [1.0000000e+00 3.6380493e-13 5.4348471e-18 4.7579261e-20 4.8344439e-14
 2.6962379e-19 3.0412024e-19 5.7169224e-16 2.3055270e-20 2.1699060e-17]
Label: climbing_hold    Predictions: [1.00000000e+00 3.53013105e-12 5.73311800e-19 1.09736998e-19
 3.88206618e-14 9.86902168e-25 5.65716783e-19 3.25137239e-15
 1.19239425e-17 3.79420716e-18]
Label: climbing_hold    Predictions: [1.0000000e+00 3.5877559e-15 4.9473497e-19 9.2551655e-22 6.7514287e-18
 4.4563607e-28 2.1646177e-22 7.9864233e-16 4.3134226e-21 1.3281311e-20]
Label: climbing_hold    Predictions: [1.0000000e+00 1.0965400e-14 5.1772797e-22 4.3119046e-23 9.4503400e-17
 2.5079211e-27 6.2498464e-24 7.3944829e-19 8.6631700e-22 6.9598806e-23]
Label: climbing_hold    Predictions: [1.0000000e+00 1.4747174e-14 1.2033174e-21 3.6558541e-22 2.9547204e-16
 2.2570408e-26 4.8710283e-23 1.1409107e-18 2.4176179e-21 1.1702923e-22]
Label: climbing_hold    Predictions: [1.0000000e+00 1.8268007e-14 1.3660154e-21 3.9820096e-22 1.9296168e-16
 4.6315004e-26 1.0628798e-22 1.2758014e-18 2.1354130e-21 4.8441225e-23]
Label: climbing_hold    Predictions: [1.0000000e+00 2.6986201e-15 6.3037328e-20 1.8743569e-22 3.6153063e-20
 5.7648492e-20 5.3282942e-22 1.6927931e-20 1.6059461e-22 4.0717485e-21]
Label: climbing_hold    Predictions: [1.0000000e+00 7.0665927e-17 7.5119244e-21 2.0486586e-24 2.9621063e-20
 2.6247200e-21 8.6387740e-24 2.2447765e-21 6.1553692e-24 2.6484547e-22]
Label: climbing_hold    Predictions: [1.0000000e+00 9.0410908e-12 6.4311601e-18 4.1156651e-19 3.7214647e-15
 2.0442696e-18 3.6603112e-19 7.4204871e-17 5.0156617e-20 6.5392495e-16]
Label: clip    Predictions: [5.7013788e-10 1.0000000e+00 9.7003737e-28 3.9310791e-18 2.0725644e-22
 9.6953130e-34 9.3694078e-22 3.8012760e-26 3.5592389e-22 9.2107590e-28]
Label: clip    Predictions: [3.7555888e-13 1.0000000e+00 3.4416247e-21 2.4571498e-15 1.4836806e-18
 1.5440905e-26 1.5552058e-16 1.6220110e-20 2.5213621e-18 2.5932224e-20]
Label: clip    Predictions: [3.5682276e-06 9.9999642e-01 9.7035596e-13 1.0021940e-08 4.5723095e-10
 5.6569214e-15 8.5022336e-09 5.1446403e-14 5.5531231e-13 1.2179124e-11]
Label: clip    Predictions: [8.23535982e-14 1.00000000e+00 1.78459064e-23 7.49327531e-18
 3.97458134e-18 5.66476779e-27 2.92001988e-15 7.68106427e-21
 1.05140545e-17 1.15223260e-21]
Label: clip    Predictions: [1.4337565e-08 1.0000000e+00 1.0780489e-16 3.3869560e-13 3.1702563e-15
 1.5263752e-18 1.0393910e-08 1.2298850e-15 3.0634138e-11 3.1036528e-15]
Label: clip    Predictions: [8.23535982e-14 1.00000000e+00 1.78459064e-23 7.49327531e-18
 3.97458134e-18 5.66476779e-27 2.92001988e-15 7.68106427e-21
 1.05140545e-17 1.15223260e-21]
Label: clip    Predictions: [4.3780628e-06 9.9999547e-01 2.8441363e-10 3.2790204e-08 1.7122026e-10
 9.3363563e-12 1.7223526e-07 7.1804666e-11 1.1496951e-08 7.1800968e-11]
Label: clip    Predictions: [6.30404366e-13 1.00000000e+00 2.41280850e-21 1.08260732e-15
 8.41100718e-19 4.21440580e-27 6.27687042e-16 7.80839951e-20
 1.37003508e-19 1.03497315e-20]
Label: clip    Predictions: [2.9905210e-11 1.0000000e+00 9.9517438e-24 2.4244095e-18 2.6607584e-22
 2.5640251e-29 4.0915470e-17 1.3020390e-22 2.7173549e-18 3.8908904e-24]
Label: clip    Predictions: [3.3690498e-10 1.0000000e+00 8.7914468e-21 4.6592905e-13 2.4917453e-14
 5.7938559e-22 1.4342671e-13 2.4729061e-18 5.3834172e-14 2.1831217e-19]
Label: clip    Predictions: [8.23553262e-14 1.00000000e+00 1.78461115e-23 7.49333239e-18
 3.97456645e-18 5.66468112e-27 2.92000865e-15 7.68109335e-21
 1.05140545e-17 1.15223705e-21]
Label: clip    Predictions: [8.4939960e-13 1.0000000e+00 1.2079521e-23 7.0528887e-16 2.3005919e-18
 1.8753185e-26 1.5579619e-15 1.9937590e-22 4.3241399e-17 3.2129453e-20]
Label: clip    Predictions: [1.6866750e-10 1.0000000e+00 5.2577067e-22 1.7161828e-14 1.5725180e-16
 7.3004193e-27 5.9526913e-16 1.1319315e-20 3.4280326e-16 1.3323613e-23]
Label: clip    Predictions: [8.23535982e-14 1.00000000e+00 1.78459064e-23 7.49327531e-18
 3.97458134e-18 5.66476779e-27 2.92001988e-15 7.68106427e-21
 1.05140545e-17 1.15223260e-21]
Label: clip    Predictions: [9.8989679e-12 1.0000000e+00 1.0400153e-20 1.8759964e-13 1.9472462e-15
 3.6294886e-25 5.4686324e-14 1.4852273e-17 1.3441842e-16 2.5440679e-17]
Label: clip    Predictions: [1.9440504e-08 1.0000000e+00 1.0641726e-17 2.0612712e-13 1.8867785e-18
 8.4549741e-21 1.4165248e-13 3.3200939e-15 6.0042791e-12 2.3781831e-15]
Label: clip    Predictions: [9.3293316e-08 9.9999988e-01 3.5476446e-17 3.6566636e-14 1.1896603e-15
 1.1231794e-18 4.6227605e-12 3.9954586e-15 2.1064303e-12 2.3280781e-15]
Label: clip    Predictions: [7.4640353e-05 9.9974376e-01 3.7918650e-08 7.9471547e-06 1.6253842e-05
 9.3023367e-08 2.9306466e-06 1.3504231e-08 1.5430953e-04 4.0565853e-09]
Label: clip    Predictions: [4.1880700e-14 1.0000000e+00 7.6367683e-22 4.4323708e-13 1.0386813e-16
 2.0281113e-20 3.0464065e-14 9.9301585e-18 2.4868942e-13 2.3835391e-17]
Label: clip    Predictions: [8.23535982e-14 1.00000000e+00 1.78459064e-23 7.49327531e-18
 3.97458134e-18 5.66476779e-27 2.92001988e-15 7.68106427e-21
 1.05140545e-17 1.15223260e-21]
Label: dasani    Predictions: [2.54949706e-09 3.16551933e-13 9.99999166e-01 9.93584663e-08
 1.97357626e-14 4.64872773e-15 7.72217235e-10 1.00194325e-14
 6.77181220e-07 3.66875757e-12]
Label: dasani    Predictions: [9.99986172e-01 7.57029966e-07 3.31674369e-06 1.83004409e-13
 9.83254904e-06 1.96692299e-13 1.82753634e-09 5.25631969e-11
 1.17906995e-11 9.78755163e-13]
Label: dasani    Predictions: [9.0361177e-14 6.9548039e-14 1.0000000e+00 2.3220672e-13 3.2211493e-16
 1.1501885e-17 1.8016353e-09 8.3543758e-19 1.7182594e-14 5.3796391e-22]
Label: dasani    Predictions: [9.3152457e-01 6.6365409e-08 4.0002688e-04 1.9870839e-11 6.8075240e-02
 2.3669616e-17 1.2981133e-07 1.8196820e-10 6.7722825e-14 6.6202528e-13]
Label: dasani    Predictions: [3.2281782e-04 1.3265129e-08 7.7915005e-03 9.7608089e-04 8.1578989e-08
 1.1081930e-08 5.3849995e-05 1.6208129e-09 9.9085557e-01 1.0053927e-07]
Label: dasani    Predictions: [9.8148477e-01 4.7264641e-09 6.2751671e-05 7.3817279e-11 1.8452486e-02
 4.0022146e-15 5.4649853e-08 1.6638637e-09 4.7622821e-12 2.4872591e-12]
Label: dasani    Predictions: [9.9996746e-01 3.0953240e-07 3.0227184e-05 2.7021782e-08 1.0193437e-06
 2.8471827e-14 9.1977768e-07 2.2898461e-09 7.7229841e-11 2.4908209e-12]
Label: dasani    Predictions: [8.5910034e-01 2.6091870e-08 7.9194689e-03 1.6130638e-11 1.3297297e-01
 1.2151759e-14 7.2157000e-06 3.0063596e-08 3.7946139e-12 2.2178793e-12]
Label: dasani    Predictions: [9.1631272e-14 7.5647184e-14 1.0000000e+00 2.5134698e-13 3.4134178e-16
 1.0503753e-17 1.6439407e-09 8.0195962e-19 1.8186309e-14 5.0080091e-22]
Label: dasani    Predictions: [9.9999225e-01 5.0933463e-06 2.5581371e-06 8.0978876e-13 3.5810732e-09
 9.9214031e-12 1.2905679e-07 4.3089896e-10 1.8083155e-11 2.1838247e-12]
Label: dasani    Predictions: [2.5967631e-10 4.7962599e-11 9.9978024e-01 2.1973957e-04 6.6715709e-11
 7.6483475e-16 5.1921575e-08 1.6236471e-13 3.9689746e-10 1.7232841e-17]
Label: dasani    Predictions: [8.5848175e-02 7.5842399e-04 2.2558223e-02 1.9427979e-02 2.5791317e-07
 1.7340210e-05 1.3481216e-01 2.0658293e-09 7.3647386e-01 1.0356046e-04]
Label: dasani    Predictions: [9.9999642e-01 1.4697072e-08 3.6324886e-06 4.1942207e-13 2.7102367e-08
 9.6641065e-13 8.3558067e-09 1.7655257e-09 5.6194900e-14 2.3016792e-12]
Label: dasani    Predictions: [5.4935570e-12 7.3129384e-17 9.9999928e-01 7.9980733e-10 3.5593015e-16
 1.6944677e-17 6.5276029e-13 1.7805380e-14 7.4529595e-07 9.5007620e-16]
Label: dasani    Predictions: [1.7773845e-06 1.5370862e-10 9.9445760e-01 2.9676277e-04 1.9884293e-07
 1.9950688e-10 5.2137887e-03 2.0491532e-11 2.9825274e-05 1.9163109e-12]
Label: dasani    Predictions: [5.8111475e-13 6.5074500e-15 1.0000000e+00 2.5276997e-10 2.4957301e-15
 6.7134194e-18 5.5363358e-10 1.3551498e-17 1.5620664e-13 1.4379316e-21]
Label: dasani    Predictions: [3.5713579e-10 3.4616140e-12 9.9999988e-01 9.5241028e-08 2.4590917e-14
 2.7110933e-16 1.5676540e-09 3.9592385e-17 8.6253622e-11 1.5921508e-19]
Label: dasani    Predictions: [9.7571760e-01 4.2376174e-09 1.9227848e-03 4.1059450e-10 2.2359436e-02
 2.5109073e-12 1.4709468e-07 2.1575255e-09 8.9284585e-10 8.9014638e-12]
Label: dasani    Predictions: [9.9999917e-01 1.7052247e-10 3.3390549e-07 2.5892404e-17 4.2525821e-07
 1.1853417e-16 2.5498497e-11 4.0106498e-15 2.2544336e-17 3.9147493e-18]
Label: dasani    Predictions: [9.9420702e-01 1.3544941e-05 4.8892801e-03 1.7503472e-08 8.6981844e-04
 1.5095799e-14 1.9174140e-05 1.0614540e-06 9.7693025e-08 2.2258228e-12]
Label: glue    Predictions: [9.7786796e-01 8.7679446e-06 4.1201775e-10 2.2122819e-02 5.1815359e-08
 4.2086418e-07 7.4999673e-11 4.2150197e-11 5.9445386e-11 3.0681127e-09]
Label: glue    Predictions: [9.9863476e-01 3.5293662e-04 1.5732406e-08 3.8122787e-05 9.7417424e-04
 6.0115243e-14 9.8587061e-10 1.1145895e-14 7.6267978e-17 8.3235641e-15]
Label: glue    Predictions: [2.3020640e-13 5.8159095e-15 2.8237945e-16 1.0000000e+00 3.5663052e-15
 4.0871497e-16 4.3687287e-15 1.3036668e-18 7.6656217e-14 8.2247673e-17]
Label: glue    Predictions: [2.4112082e-13 8.8628937e-15 1.8948453e-15 1.0000000e+00 1.9542261e-15
 4.7720412e-16 1.0265378e-15 4.8413609e-19 3.4091528e-14 1.4271254e-17]
Label: glue    Predictions: [9.3452655e-17 2.0891995e-17 2.5623370e-19 1.0000000e+00 6.3543781e-15
 4.2603736e-21 6.1752654e-13 3.2536716e-20 2.1110129e-18 1.6697232e-21]
Label: glue    Predictions: [9.6536547e-01 4.5373883e-05 2.7513195e-07 3.4541734e-02 4.7168822e-05
 1.0807887e-08 3.6432206e-09 1.4229926e-10 6.7937567e-10 1.2725976e-10]
Label: glue    Predictions: [8.1263191e-11 1.1856825e-15 1.3051101e-14 1.0000000e+00 5.8920771e-16
 3.8845033e-14 2.1289057e-14 7.0077423e-19 2.1853637e-11 3.4103685e-18]
Label: glue    Predictions: [1.1631277e-01 5.5943863e-03 2.8753263e-04 1.4571891e-02 8.6323255e-01
 2.7131403e-11 6.3561470e-07 6.9480510e-09 2.3852127e-07 2.0577229e-08]
Label: glue    Predictions: [9.72397864e-01 1.56786322e-04 2.31002684e-08 2.74450742e-02
 1.14775105e-07 2.20190741e-11 1.16106875e-07 1.72437108e-12
 3.69985639e-12 2.83202506e-09]
Label: glue    Predictions: [5.5576209e-04 5.4854518e-05 4.0733710e-07 9.8542756e-01 1.3961460e-02
 1.6037029e-09 2.7734950e-08 4.2129824e-11 1.5736387e-09 5.5560240e-12]
Label: glue    Predictions: [9.9999988e-01 1.8053363e-09 9.2147380e-11 8.2431477e-08 3.3920266e-08
 2.9206328e-11 1.7415985e-12 1.4894513e-13 4.2624993e-15 1.0739182e-11]
Label: glue    Predictions: [2.1214075e-10 5.7704255e-09 1.9296598e-10 9.9999249e-01 1.3526466e-11
 1.2186847e-13 7.4765335e-06 2.6518845e-13 1.6334529e-11 3.2546227e-12]
Label: glue    Predictions: [1.57635602e-12 8.95548913e-11 1.03681994e-10 1.00000000e+00
 1.75415043e-12 1.58852546e-16 3.07082848e-09 6.87499713e-14
 5.15100636e-12 2.47477828e-15]
Label: glue    Predictions: [1.6417368e-06 3.2945049e-09 6.4070711e-08 9.9956113e-01 1.8652426e-09
 2.7609688e-06 7.4162173e-08 3.3530206e-11 4.3423672e-04 9.4924504e-09]
Label: glue    Predictions: [9.4209597e-02 1.0609495e-07 2.9605107e-07 9.0578938e-01 7.1147849e-10
 2.1517722e-11 7.4528408e-08 1.9619920e-12 4.2776620e-07 4.8815982e-12]
Label: glue    Predictions: [9.99986887e-01 3.02792529e-08 2.11223528e-09 1.30774015e-05
 4.24539586e-08 3.64631381e-11 9.25921327e-14 7.18886281e-14
 1.08948289e-15 2.95874347e-15]
Label: glue    Predictions: [2.2262016e-01 3.3615919e-07 4.7349735e-11 7.7737951e-01 3.4828276e-09
 2.0608924e-08 1.5912688e-11 4.5011127e-11 4.5260618e-11 8.2543938e-10]
Label: glue    Predictions: [9.6879321e-01 3.5827987e-05 6.0383978e-09 3.1169023e-02 1.4823501e-06
 5.0253534e-12 4.9697422e-07 3.8372300e-12 1.0224195e-13 8.6113804e-13]
Label: glue    Predictions: [7.7707660e-16 2.6531343e-16 4.7114977e-17 1.0000000e+00 8.6683536e-16
 1.9242709e-18 1.6637416e-12 2.6191302e-20 6.9253210e-15 1.1155650e-20]
Label: glue    Predictions: [3.94839240e-04 2.82707580e-10 2.10396607e-08 9.99603808e-01
 2.32486448e-13 1.10589364e-10 1.01345175e-10 6.97269105e-16
 1.48081654e-06 6.26837314e-14]
Label: spray_bottle    Predictions: [9.9999928e-01 1.7518357e-08 5.4428996e-12 3.8027922e-13 7.5571404e-07
 1.3897234e-15 1.1408371e-12 9.2750512e-12 2.8525169e-15 4.0174782e-12]
Label: spray_bottle    Predictions: [3.4620328e-04 1.1497747e-09 2.8069795e-07 4.5873132e-12 9.9965334e-01
 7.0452921e-13 2.1178607e-08 9.7134539e-08 1.1474633e-09 1.5024332e-11]
Label: spray_bottle    Predictions: [2.9082780e-03 7.7029688e-07 1.6131996e-04 5.3312905e-09 9.5719671e-01
 2.0823974e-10 3.9732896e-02 4.7973149e-12 2.1206821e-12 5.7005640e-11]
Label: spray_bottle    Predictions: [1.00000000e+00 6.64961836e-12 5.49982457e-14 1.42724821e-13
 3.86753476e-11 1.08324915e-20 3.35052591e-16 2.11955670e-12
 1.88016850e-18 9.23957007e-15]
Label: spray_bottle    Predictions: [9.9999964e-01 4.0846578e-07 3.5909257e-14 5.4095107e-13 7.6824564e-09
 1.1752960e-18 1.1082078e-16 2.2994266e-16 9.8872217e-17 2.1758454e-12]
Label: spray_bottle    Predictions: [1.4916729e-08 2.4331554e-11 2.0575439e-09 2.9810121e-10 1.0000000e+00
 6.1094305e-15 1.5088699e-09 1.5963363e-10 6.1637192e-14 2.5623617e-15]
Label: spray_bottle    Predictions: [1.2078639e-09 6.0995341e-11 1.5019327e-09 1.5281190e-12 1.0000000e+00
 9.9468879e-16 3.6514759e-08 7.1368571e-12 4.7787861e-14 1.8308812e-15]
Label: spray_bottle    Predictions: [9.0409344e-08 9.7693453e-10 1.3212234e-08 4.1663561e-11 9.9999964e-01
 2.2019702e-14 2.2883567e-07 1.1852148e-10 1.1275329e-13 4.6610225e-13]
Label: spray_bottle    Predictions: [9.98741623e-09 1.10744254e-10 4.21488192e-11 2.14474082e-13
 1.00000000e+00 3.24082196e-15 2.77022272e-09 2.18762081e-14
 2.89323161e-15 1.18612525e-16]
Label: spray_bottle    Predictions: [1.6740557e-07 4.7775776e-12 5.6340410e-10 8.7613395e-15 9.9999976e-01
 7.8641808e-19 7.3930093e-13 1.3414470e-07 4.7633673e-15 3.7502746e-14]
Label: spray_bottle    Predictions: [1.0000000e+00 3.3794837e-13 5.6482312e-11 1.0532808e-16 3.4467185e-08
 4.6176886e-18 1.0253630e-16 1.1491696e-12 9.6809042e-18 8.1553195e-16]
Label: spray_bottle    Predictions: [1.0000000e+00 1.9049843e-08 1.1805167e-12 7.8742472e-17 7.1580186e-11
 1.6563954e-20 5.7714424e-15 1.4477607e-15 1.4236673e-17 1.2702509e-14]
Label: spray_bottle    Predictions: [9.9999964e-01 4.0846578e-07 3.5909257e-14 5.4095107e-13 7.6824564e-09
 1.1752960e-18 1.1082078e-16 2.2994266e-16 9.8872217e-17 2.1758454e-12]
Label: spray_bottle    Predictions: [9.9999905e-01 2.6635459e-07 6.6246818e-13 1.4049250e-15 7.5529596e-07
 1.2701126e-20 1.1684001e-14 6.2534228e-15 2.8305528e-17 1.8212848e-14]
Label: spray_bottle    Predictions: [1.0000000e+00 2.1096216e-13 3.3423433e-16 3.6736632e-15 2.0265904e-10
 8.4650258e-25 1.4956602e-17 4.0684983e-16 4.2615783e-20 6.9122463e-18]
Label: spray_bottle    Predictions: [1.0000000e+00 1.0230112e-12 9.2606375e-15 6.6303509e-17 1.3055235e-10
 2.3603115e-18 3.4440497e-16 3.6164553e-14 5.2720796e-17 1.3520383e-14]
Label: spray_bottle    Predictions: [1.0000000e+00 2.2478762e-08 1.1300884e-14 4.9968607e-16 4.0351944e-10
 7.7347111e-17 2.7255984e-14 4.7526985e-14 1.0724219e-15 3.7830668e-13]
Label: spray_bottle    Predictions: [1.0404353e-04 5.1658896e-15 1.5625673e-11 2.5974223e-16 9.9989593e-01
 1.9214887e-18 1.3938786e-17 2.2363433e-09 4.2257259e-16 3.1908769e-16]
Label: spray_bottle    Predictions: [1.1206703e-07 1.6109396e-10 1.7562879e-08 2.8644089e-14 9.9999511e-01
 2.3497657e-15 4.5678762e-06 2.4482102e-07 8.6808208e-12 8.6198193e-13]
Label: spray_bottle    Predictions: [7.8950664e-03 2.4740846e-08 2.1547023e-06 2.0184917e-12 9.9209905e-01
 2.1656068e-13 2.2999179e-06 1.4389869e-06 1.3300662e-08 9.5931360e-11]
Label: toothbrushes    Predictions: [5.0551466e-06 3.9269869e-07 8.8570032e-06 3.2494277e-06 5.9788867e-12
 7.8723741e-01 2.0966417e-01 2.6616173e-10 3.0807673e-03 1.2905222e-07]
Label: toothbrushes    Predictions: [2.2002407e-08 4.2603993e-10 3.3116454e-08 6.4489086e-08 3.7829982e-12
 2.4773626e-02 9.7521031e-01 8.4401618e-12 1.5950964e-05 1.9704219e-08]
Label: toothbrushes    Predictions: [1.4746050e-07 2.7276776e-08 4.3805649e-06 6.4902059e-05 8.1011092e-12
 9.9033141e-01 9.5085045e-03 1.1037220e-12 9.0666763e-05 2.1918838e-12]
Label: toothbrushes    Predictions: [4.0304508e-07 1.0429918e-09 2.6093321e-07 1.9725581e-01 1.5241390e-11
 8.0248946e-01 3.7004458e-08 9.2565504e-11 2.5399443e-04 1.3325397e-09]
Label: toothbrushes    Predictions: [3.6951844e-06 3.5533193e-10 3.0635822e-06 9.2189008e-01 9.0215578e-12
 7.8092605e-02 1.5853803e-09 3.2393070e-12 1.0494607e-05 2.6138189e-10]
Label: toothbrushes    Predictions: [1.1432913e-05 3.6380094e-08 2.1410816e-04 5.3586118e-02 1.3116794e-12
 9.4488472e-01 7.4458089e-09 4.2667432e-12 1.3033769e-03 1.6530697e-07]
Label: toothbrushes    Predictions: [7.1590789e-02 1.1209344e-08 1.1212626e-06 6.7155537e-07 1.3583390e-09
 1.8496796e-02 4.3171237e-08 1.3629117e-09 9.0991002e-01 5.0555417e-07]
Label: toothbrushes    Predictions: [3.9851716e-13 5.5057185e-11 7.7527177e-12 2.8485456e-06 2.9985832e-12
 4.1782159e-02 3.1117832e-08 8.4407528e-15 9.5821500e-01 1.6948332e-10]
Label: toothbrushes    Predictions: [2.9960744e-05 7.7634947e-12 3.8039752e-07 1.3697485e-07 2.3312605e-11
 9.9945861e-01 4.7047646e-09 2.9207560e-11 5.0960935e-04 1.2790695e-06]
Label: toothbrushes    Predictions: [2.9322297e-05 1.3301496e-08 1.5947618e-02 2.8044913e-06 8.9922670e-12
 7.7647364e-01 2.0740972e-01 1.5386904e-10 1.3691038e-04 1.5176941e-08]
Label: toothbrushes    Predictions: [3.6951844e-06 3.5533193e-10 3.0635822e-06 9.2189008e-01 9.0215578e-12
 7.8092605e-02 1.5853803e-09 3.2393070e-12 1.0494607e-05 2.6138189e-10]
Label: toothbrushes    Predictions: [1.9423265e-08 1.4372169e-08 5.5399742e-08 1.2123774e-05 1.9294049e-14
 4.2948303e-01 1.7840431e-11 3.7669805e-13 5.7050478e-01 6.6858818e-10]
Label: toothbrushes    Predictions: [3.6951844e-06 3.5533193e-10 3.0635822e-06 9.2189008e-01 9.0215578e-12
 7.8092605e-02 1.5853803e-09 3.2393070e-12 1.0494607e-05 2.6138189e-10]
Label: toothbrushes    Predictions: [3.93844459e-07 9.00219099e-09 1.27894655e-05 9.62387148e-08
 2.32351942e-12 9.98508513e-01 8.41708470e-07 2.18698554e-13
 1.47721975e-03 2.70687028e-08]
Label: toothbrushes    Predictions: [6.1084925e-06 2.4846181e-10 9.9826444e-08 4.1318275e-05 1.0757889e-10
 9.9986100e-01 9.3970602e-11 8.9150479e-11 9.1296504e-05 1.4498754e-07]
Label: toothbrushes    Predictions: [9.7815445e-09 5.5854824e-11 1.6732753e-05 2.8175245e-06 5.0972634e-15
 6.0660991e-06 9.9992347e-01 2.7720927e-13 5.0910465e-05 1.2828116e-14]
Label: toothbrushes    Predictions: [5.9426952e-07 8.6173668e-06 3.2362004e-06 3.2038035e-06 9.4636430e-13
 9.5187342e-01 4.8083328e-02 1.3726455e-13 2.7567501e-05 2.2675994e-09]
Label: toothbrushes    Predictions: [2.1910653e-06 5.0009383e-09 1.8440197e-03 5.5181486e-06 5.9872196e-10
 9.9805403e-01 9.1020076e-05 9.8582919e-14 3.2415398e-06 4.9010834e-11]
Label: toothbrushes    Predictions: [2.4561529e-04 2.0532241e-06 4.0027148e-06 9.7076554e-05 2.9537886e-11
 1.5076309e-05 3.8401058e-03 1.9145525e-10 9.9579608e-01 4.8837268e-09]
Label: toothbrushes    Predictions: [7.6237665e-09 1.4591728e-10 1.0657619e-03 3.5202607e-05 1.0511715e-13
 6.4446849e-06 9.9888712e-01 1.5777140e-11 5.4527368e-06 2.5979242e-14]
Label: toothpaste    Predictions: [3.05214346e-16 5.44271277e-17 5.56971622e-19 5.18916571e-21
 6.33377324e-18 6.40250081e-24 1.00000000e+00 1.66820965e-19
 1.05312605e-20 2.52037047e-19]
Label: toothpaste    Predictions: [7.4865611e-18 2.4193506e-15 2.3408830e-16 3.2353731e-16 5.1713909e-17
 1.0557868e-24 1.0000000e+00 3.0810200e-20 1.2041957e-19 2.9599116e-22]
Label: toothpaste    Predictions: [2.2559530e-13 1.9279203e-12 4.1384464e-03 2.7099345e-12 2.9230365e-09
 1.5047764e-13 9.9586159e-01 4.8618407e-14 1.6623414e-09 4.6400763e-18]
Label: toothpaste    Predictions: [2.2559228e-13 1.9278505e-12 4.1384147e-03 2.7098467e-12 2.9229699e-09
 1.5047532e-13 9.9586159e-01 4.8618038e-14 1.6623034e-09 4.6400763e-18]
Label: toothpaste    Predictions: [6.5773987e-13 1.5752602e-18 9.2247234e-12 6.9359353e-19 2.5776418e-18
 5.4111950e-13 1.0000000e+00 2.7269733e-16 2.2098053e-14 7.6724956e-18]
Label: toothpaste    Predictions: [6.9726253e-04 2.0904499e-11 3.9964953e-06 3.8373371e-14 1.1174634e-11
 3.5783905e-09 9.9929845e-01 1.0005903e-10 1.8870395e-07 3.4006137e-10]
Label: toothpaste    Predictions: [8.4825297e-06 2.7815528e-09 3.9947054e-07 1.5416434e-09 4.6542038e-08
 2.7629804e-07 9.9998462e-01 1.1551381e-08 2.2798654e-06 3.7458938e-06]
Label: toothpaste    Predictions: [1.4504994e-08 1.0782767e-13 9.2746300e-09 5.9708597e-17 3.6571363e-15
 2.1833056e-11 1.0000000e+00 6.8891117e-13 1.4622745e-08 6.3114547e-13]
Label: toothpaste    Predictions: [3.0905681e-11 1.1542246e-11 4.1917954e-02 2.9815406e-10 1.0232479e-07
 6.7554837e-11 9.5808190e-01 3.0494325e-12 3.4227341e-08 3.9238687e-16]
Label: toothpaste    Predictions: [1.15148675e-10 8.86530839e-14 1.15298470e-04 1.01659234e-14
 2.40671771e-09 1.65408433e-11 9.99884725e-01 2.61223022e-11
 4.44341408e-09 7.99598838e-16]
Label: toothpaste    Predictions: [2.2559530e-13 1.9279203e-12 4.1384464e-03 2.7099345e-12 2.9230365e-09
 1.5047764e-13 9.9586159e-01 4.8618407e-14 1.6623414e-09 4.6400763e-18]
Label: toothpaste    Predictions: [1.3858938e-02 2.1211814e-11 9.8093033e-01 2.7486635e-04 1.8029320e-06
 1.1185445e-05 6.9856054e-05 1.0015366e-09 4.8531233e-03 1.3863818e-11]
Label: toothpaste    Predictions: [2.41371334e-01 1.96996240e-07 5.65541722e-02 5.08345291e-02
 1.01877035e-07 1.84592202e-01 3.24202746e-01 8.40647090e-08
 1.09885596e-01 3.25590074e-02]
Label: toothpaste    Predictions: [2.2559228e-13 1.9278505e-12 4.1384147e-03 2.7098467e-12 2.9229699e-09
 1.5047532e-13 9.9586159e-01 4.8618038e-14 1.6623034e-09 4.6400763e-18]
Label: toothpaste    Predictions: [1.7626739e-18 1.4250969e-16 2.7343979e-18 1.6811461e-19 1.8139288e-19
 3.3382539e-23 1.0000000e+00 1.7526206e-21 4.8518072e-19 3.4359348e-19]
Label: toothpaste    Predictions: [2.4084387e-15 3.3209392e-17 2.0876533e-14 7.2002810e-17 6.0505968e-20
 4.6747921e-19 1.0000000e+00 3.6742166e-19 5.8198347e-16 1.3134720e-16]
Label: toothpaste    Predictions: [5.1688216e-19 4.7829028e-16 3.3303093e-20 3.4800094e-17 1.8198834e-18
 7.4087397e-27 1.0000000e+00 6.0782526e-24 3.8716319e-22 2.7948883e-26]
Label: toothpaste    Predictions: [4.85648331e-15 3.28222594e-16 4.35897588e-14 1.94829076e-18
 3.43401033e-18 1.21319535e-20 1.00000000e+00 1.35393560e-17
 4.33514427e-15 7.27838153e-16]
Label: toothpaste    Predictions: [6.21798204e-16 2.54356378e-13 1.06660354e-16 7.39889971e-15
 1.02267549e-16 3.12483392e-23 1.00000000e+00 4.38403857e-22
 3.04545154e-19 1.19447185e-22]
Label: toothpaste    Predictions: [2.8792759e-19 2.0228527e-17 6.6433796e-20 2.0839442e-19 5.3837145e-18
 1.7273710e-22 1.0000000e+00 3.6248663e-18 6.5514701e-20 1.1523651e-20]
Label: watermelon    Predictions: [9.1165364e-02 1.0278406e-12 2.0269396e-17 1.4271721e-21 1.5890472e-16
 5.9912912e-29 2.5942120e-13 9.0883464e-01 1.0621335e-16 1.4498351e-13]
Label: watermelon    Predictions: [1.1002574e-01 1.5645497e-06 4.5626862e-08 1.0400670e-12 1.0335643e-09
 2.0437363e-17 6.2275562e-06 8.8996643e-01 2.4361874e-11 1.4166897e-09]
Label: watermelon    Predictions: [9.9996161e-01 4.2480152e-17 1.1195653e-17 7.1168301e-24 7.0783781e-18
 5.5087863e-30 4.5722915e-17 3.8425096e-05 2.8496614e-20 2.5416338e-16]
Label: watermelon    Predictions: [7.7280687e-04 9.3176826e-09 1.5110397e-06 2.4858563e-13 1.7753431e-04
 2.6664610e-17 3.0331651e-06 9.9904507e-01 1.7143806e-10 3.7879775e-09]
Label: watermelon    Predictions: [5.82622617e-10 1.13019166e-14 1.45842405e-09 2.09611807e-19
 1.89685409e-07 5.77670408e-23 7.14372311e-11 9.99999762e-01
 5.23457525e-13 2.98685637e-14]
Label: watermelon    Predictions: [5.8261596e-10 1.1301829e-14 1.4584379e-09 2.0961581e-19 1.8968613e-07
 5.7767483e-23 7.1436281e-11 9.9999976e-01 5.2345655e-13 2.9868848e-14]
Label: watermelon    Predictions: [9.8920995e-01 1.7273455e-14 5.5649424e-18 2.2967649e-22 1.6932371e-15
 6.9519774e-30 3.3638587e-16 1.0790072e-02 2.7048908e-20 9.0619608e-17]
Label: watermelon    Predictions: [3.5296974e-10 2.3257344e-12 5.6280985e-08 1.6121852e-19 2.6562029e-05
 1.8655992e-20 4.1762434e-09 9.9997342e-01 1.8256970e-10 8.8628860e-13]
Label: watermelon    Predictions: [4.9272686e-01 2.5235855e-13 8.0021014e-18 2.0480788e-21 1.6980701e-16
 6.2033767e-30 1.0550534e-13 5.0727320e-01 2.6019501e-17 5.7070220e-14]
Label: watermelon    Predictions: [9.9999964e-01 1.7286031e-07 2.6564037e-13 8.3504701e-15 9.1237547e-12
 7.3192448e-18 5.2747549e-09 2.3916041e-07 2.6088084e-13 1.5905853e-10]
Label: watermelon    Predictions: [9.1165364e-02 1.0278406e-12 2.0269396e-17 1.4271721e-21 1.5890472e-16
 5.9912912e-29 2.5942120e-13 9.0883464e-01 1.0621335e-16 1.4498351e-13]
Label: watermelon    Predictions: [3.7405603e-09 6.4243416e-10 2.5127307e-09 1.9361993e-13 1.6270365e-06
 3.9950871e-17 1.8381841e-06 9.9999559e-01 9.9972840e-07 1.5379773e-09]
Label: watermelon    Predictions: [4.6293095e-12 6.3639924e-13 2.3512514e-07 5.6794797e-17 2.1788701e-05
 6.0418093e-17 7.0224734e-05 9.9990690e-01 8.0086949e-07 5.3523439e-11]
Label: watermelon    Predictions: [4.2524269e-05 9.5208516e-06 8.5404778e-08 1.5129652e-12 8.7871835e-05
 1.6078704e-15 2.4728230e-03 9.9738640e-01 6.4869408e-07 2.3942428e-07]
Label: watermelon    Predictions: [5.7252432e-06 6.6830947e-14 2.0656270e-08 3.4057707e-13 2.2072915e-07
 1.1963396e-19 1.2227872e-05 9.9998164e-01 6.7701528e-08 3.4128900e-10]
Label: watermelon    Predictions: [7.7281940e-12 1.0000938e-13 4.3262217e-11 2.3620564e-19 6.4928798e-07
 2.7068970e-23 1.3886021e-12 9.9999940e-01 1.0034022e-11 1.4511785e-13]
Label: watermelon    Predictions: [1.0000000e+00 1.1163699e-12 6.6049179e-13 8.0052753e-23 7.2002300e-16
 1.0480902e-24 1.7637430e-11 1.4182153e-08 1.3801822e-16 1.8893932e-14]
Label: watermelon    Predictions: [9.9994433e-01 3.3249620e-10 7.1739059e-09 1.6647527e-13 6.9300441e-09
 7.0904118e-19 3.3785629e-08 5.5659999e-05 4.7878077e-14 6.8166973e-13]
Label: watermelon    Predictions: [9.9714130e-01 2.8538097e-11 3.7118221e-05 1.6593834e-13 1.0916834e-04
 5.8683902e-20 2.1027550e-07 2.7122393e-03 5.0844173e-12 1.8050640e-10]
Label: watermelon    Predictions: [9.9999952e-01 1.8876324e-07 3.7657421e-14 3.9778580e-17 6.0962774e-10
 6.5305144e-18 1.2527936e-07 5.8820266e-08 9.3429917e-11 3.3073211e-10]
Label: wipes    Predictions: [1.2789538e-11 2.5646121e-14 4.8385818e-12 2.1534380e-10 3.2795350e-16
 7.2029187e-17 2.3255744e-12 8.4948257e-16 1.0000000e+00 2.8339522e-14]
Label: wipes    Predictions: [9.9794568e-07 1.0311221e-12 2.6540347e-05 9.1967518e-03 1.5253399e-11
 7.7563899e-17 9.2125148e-11 1.4641684e-11 9.9077576e-01 3.1011793e-13]
Label: wipes    Predictions: [3.72130881e-15 1.20996306e-15 1.43365453e-09 1.81929111e-13
 1.07791676e-17 5.88892712e-10 6.98348917e-14 2.31058797e-14
 1.00000000e+00 3.10411291e-16]
Label: wipes    Predictions: [3.4558106e-08 1.0900672e-11 1.7577435e-06 7.4099510e-10 7.4836269e-13
 6.8308002e-01 2.3701512e-07 9.1740046e-11 3.1691733e-01 5.7734167e-07]
Label: wipes    Predictions: [7.8058016e-04 1.8265146e-08 7.1008907e-07 1.8100199e-07 6.2271813e-13
 5.2941500e-06 4.2860106e-07 1.1267295e-10 9.9896729e-01 2.4555769e-04]
Label: wipes    Predictions: [9.4839265e-08 4.7997206e-10 1.8106100e-05 5.2029773e-06 1.9244022e-10
 1.4791372e-07 2.5222607e-10 1.1052887e-11 9.9997640e-01 1.4899387e-10]
Label: wipes    Predictions: [1.0148699e-04 3.6923877e-09 3.4716809e-06 5.3542144e-09 1.5498094e-13
 1.2495182e-13 3.1505354e-07 2.7131286e-10 9.9989474e-01 2.2911320e-11]
Label: wipes    Predictions: [1.2187096e-14 1.3225126e-15 5.1026272e-10 8.1910000e-13 5.9066540e-18
 9.2859181e-10 5.9718170e-13 2.1220422e-14 1.0000000e+00 4.7366569e-16]
Label: wipes    Predictions: [7.8031968e-14 4.4466209e-17 6.1804893e-12 2.1618773e-15 1.1023827e-21
 6.3506219e-15 6.3355468e-15 9.5205413e-16 1.0000000e+00 3.4153340e-15]
Label: wipes    Predictions: [6.3076638e-13 6.5429700e-15 1.1666845e-10 1.8891797e-15 1.3270416e-21
 4.5832048e-14 1.7211941e-15 8.1692998e-16 1.0000000e+00 1.9819449e-14]
Label: wipes    Predictions: [3.6991588e-09 1.2113039e-14 5.3120697e-08 9.0792762e-11 3.0266544e-13
 2.5618448e-08 1.4420270e-05 2.7563944e-09 9.9998546e-01 9.1497178e-11]
Label: wipes    Predictions: [3.25183146e-06 1.57367533e-12 8.83086398e-03 1.44565476e-07
 5.74451814e-12 7.74046493e-05 3.42728379e-09 1.01785915e-11
 9.91088033e-01 2.30360214e-07]
Label: wipes    Predictions: [2.1160574e-13 2.3483972e-15 1.4099430e-12 2.2606812e-15 1.0674037e-19
 3.2902868e-16 5.6542117e-19 4.4880512e-16 1.0000000e+00 2.3520348e-17]
Label: wipes    Predictions: [5.7331223e-10 1.3181716e-14 3.8636774e-08 5.0940341e-09 2.4129896e-16
 3.3766886e-16 1.4759056e-13 5.9293259e-16 1.0000000e+00 2.9675840e-14]
Label: wipes    Predictions: [1.9993498e-14 3.4981309e-13 1.4267175e-13 8.4848673e-12 1.4046663e-19
 2.0055657e-16 6.1256522e-14 3.2152354e-14 1.0000000e+00 1.0225686e-19]
Label: wipes    Predictions: [2.6731113e-13 9.2312520e-16 3.3392531e-12 8.4647467e-15 6.5848407e-21
 3.1875544e-19 9.4935545e-17 3.6999170e-17 1.0000000e+00 9.9911052e-18]
Label: wipes    Predictions: [2.7357517e-12 8.8810272e-16 2.2591033e-11 4.4362118e-12 4.5884584e-15
 7.8242774e-06 6.5751874e-14 1.7456223e-12 9.9999213e-01 7.8265259e-13]
Label: wipes    Predictions: [2.13183464e-11 7.40462756e-16 1.65523975e-12 1.26113234e-11
 7.39121188e-19 1.88991054e-12 3.70082221e-16 1.59135703e-17
 1.00000000e+00 2.37169516e-16]
Label: wipes    Predictions: [7.0611004e-12 5.7859222e-16 9.1590650e-12 4.2005885e-11 4.2914858e-18
 6.6127550e-14 1.6230489e-11 8.3023443e-17 1.0000000e+00 8.7945593e-15]
Label: wipes    Predictions: [1.2187096e-14 1.3225126e-15 5.1026272e-10 8.1910000e-13 5.9066540e-18
 9.2859181e-10 5.9718170e-13 2.1220422e-14 1.0000000e+00 4.7366569e-16]
Label: zoink    Predictions: [1.1014590e-06 1.6721981e-10 1.6314745e-07 3.8281925e-08 8.1715457e-14
 6.2883722e-15 8.0445822e-10 6.3638770e-09 7.1408763e-06 9.9999154e-01]
Label: zoink    Predictions: [3.4332671e-04 1.3344333e-12 5.9641117e-08 1.4638847e-11 2.2182737e-12
 1.8126504e-13 4.5103643e-11 8.7491869e-10 2.3677570e-07 9.9965632e-01]
Label: zoink    Predictions: [5.1419452e-06 1.0534067e-07 3.3602676e-09 1.5460177e-08 1.6457603e-10
 3.9611543e-12 1.3868561e-09 1.5763628e-12 4.3728268e-10 9.9999475e-01]
Label: zoink    Predictions: [7.0731221e-06 6.7379448e-12 1.7790255e-07 1.9349427e-09 5.5357732e-12
 1.0243755e-14 6.8540576e-05 6.2326089e-10 2.3734618e-08 9.9992418e-01]
Label: zoink    Predictions: [9.9777263e-01 1.8789148e-09 2.1715234e-03 3.2086880e-09 2.4047335e-08
 4.5692936e-13 5.6915098e-07 4.3082193e-05 1.6712196e-11 1.2109954e-05]
Label: zoink    Predictions: [9.7649753e-01 6.8533540e-10 9.3873918e-05 8.7160726e-05 1.8711876e-11
 9.2511583e-14 7.2404082e-06 7.4793644e-07 2.6652075e-05 2.3286724e-02]
Label: zoink    Predictions: [9.9417925e-01 4.5438004e-08 5.7074465e-03 6.1271294e-10 9.0509673e-08
 6.2354114e-15 1.7317043e-06 1.1123431e-04 7.3229539e-10 2.9407781e-07]
Label: zoink    Predictions: [3.9969662e-05 2.6220115e-11 1.6233921e-08 1.6320049e-11 7.9542232e-13
 6.1930880e-17 4.7715280e-14 1.7224506e-13 9.1035252e-12 9.9996006e-01]
Label: zoink    Predictions: [9.7919422e-01 3.4133868e-10 5.0808670e-04 3.3826243e-08 1.1115584e-09
 5.9616307e-16 8.8459212e-10 4.4626195e-05 4.0370210e-06 2.0249031e-02]
Label: zoink    Predictions: [4.0481398e-01 1.6769951e-08 7.1479394e-06 6.1731686e-09 4.8341827e-11
 4.5921297e-10 2.3163398e-08 1.8009993e-09 1.8819312e-05 5.9516001e-01]
Label: zoink    Predictions: [9.9779487e-01 8.3434868e-09 1.6905009e-05 1.5607005e-03 2.2812914e-09
 7.1050079e-14 1.3586198e-09 2.1031729e-08 1.3121845e-04 4.9634610e-04]
Label: zoink    Predictions: [3.3373912e-03 5.5738534e-09 1.4098415e-04 7.9029068e-09 1.0970467e-08
 3.5941522e-10 8.7312892e-06 1.8535370e-01 2.8556277e-04 8.1087357e-01]
Label: zoink    Predictions: [9.7649765e-01 6.8533818e-10 9.3872666e-05 8.7160814e-05 1.8711772e-11
 9.2511949e-14 7.2403677e-06 7.4793087e-07 2.6652457e-05 2.3286682e-02]
Label: zoink    Predictions: [9.7649753e-01 6.8533540e-10 9.3873918e-05 8.7160726e-05 1.8711876e-11
 9.2511583e-14 7.2404082e-06 7.4793644e-07 2.6652075e-05 2.3286724e-02]
Label: zoink    Predictions: [3.9969967e-05 2.6220314e-11 1.6233983e-08 1.6320112e-11 7.9541929e-13
 6.1930410e-17 4.7715734e-14 1.7224603e-13 9.1035087e-12 9.9996006e-01]
Label: zoink    Predictions: [9.9975330e-01 7.0466335e-08 2.4590304e-04 2.8231417e-08 3.3479022e-10
 6.6486557e-14 6.1845094e-07 5.6948727e-11 2.5938544e-12 1.8268287e-09]
Label: zoink    Predictions: [3.9341128e-05 5.8248332e-12 1.7279312e-07 4.0541051e-09 6.1303129e-11
 3.5628330e-14 5.3200838e-05 7.3636909e-07 4.7748831e-08 9.9990654e-01]
Label: zoink    Predictions: [1.2602378e-03 2.1980993e-12 9.9226511e-08 3.3043993e-06 3.2223251e-14
 3.3257603e-18 2.6106068e-08 4.9780318e-09 4.3720414e-07 9.9873585e-01]
Label: zoink    Predictions: [3.1953907e-05 1.9125446e-06 2.1020995e-05 4.1832411e-08 1.3202218e-04
 9.1207935e-12 7.6413005e-07 1.3009542e-09 6.4912995e-09 9.9981230e-01]
Label: zoink    Predictions: [9.8914742e-01 3.4252001e-10 1.7921643e-03 2.6398949e-08 9.8617816e-09
 2.8132320e-08 5.1529219e-07 6.9988324e-08 6.5043405e-06 9.0532554e-03]
