Label: climbing_hold    Predictions: [1.0000000e+00 1.2103866e-17 1.0814104e-15 3.4898007e-13 9.2605663e-15
 5.5573464e-18 1.4876534e-18 1.1149364e-18 2.4148404e-16 2.7475060e-13]
Label: climbing_hold    Predictions: [1.0000000e+00 1.4679351e-17 2.1717880e-15 7.7706552e-14 2.2652273e-14
 3.7912843e-18 1.2997143e-18 8.9835818e-18 4.7617307e-16 2.2408029e-13]
Label: climbing_hold    Predictions: [1.0000000e+00 9.9385214e-13 4.2909747e-12 3.5413921e-09 1.3373501e-10
 3.8197235e-14 1.5078965e-14 6.9402042e-13 3.8197566e-12 2.6503343e-11]
Label: climbing_hold    Predictions: [1.0000000e+00 2.8389770e-11 1.9266953e-10 4.9322244e-09 4.7834925e-10
 2.8714492e-12 1.8981100e-13 8.9837679e-11 4.7929972e-11 3.2032019e-10]
Label: climbing_hold    Predictions: [1.0000000e+00 3.9244987e-12 1.8738679e-10 4.0688644e-08 9.1008079e-10
 1.5800886e-12 1.0537633e-12 4.0039868e-12 2.6015272e-11 1.9130157e-09]
Label: climbing_hold    Predictions: [1.00000000e+00 1.24123912e-15 3.73559758e-14 3.37162590e-11
 7.00625376e-13 1.98056751e-16 1.61426745e-16 9.59246350e-17
 1.10542695e-14 6.61908083e-13]
Label: climbing_hold    Predictions: [1.00000000e+00 9.55029648e-16 6.50479418e-15 6.82403624e-13
 2.03243828e-11 1.04462575e-16 3.42337671e-18 2.57952449e-15
 1.39056213e-15 2.27111963e-14]
Label: climbing_hold    Predictions: [1.0000000e+00 2.7606474e-14 2.4482137e-12 1.0213881e-10 4.3243161e-12
 1.5328142e-14 5.4580419e-15 5.9176466e-15 2.6698297e-13 8.2804034e-11]
Label: climbing_hold    Predictions: [1.0000000e+00 2.7224523e-16 8.7059994e-16 1.7688822e-13 1.3006177e-13
 2.5626719e-17 2.4468385e-18 3.8889602e-17 3.0011590e-16 4.8957683e-15]
Label: climbing_hold    Predictions: [1.0000000e+00 1.2884646e-17 1.1546870e-15 3.7157519e-13 9.9827771e-15
 5.9404133e-18 1.5982368e-18 1.2123960e-18 2.5804877e-16 2.9798194e-13]
Label: climbing_hold    Predictions: [1.0000000e+00 4.6502922e-15 8.8706948e-14 4.9863221e-12 4.7410144e-12
 4.8936774e-15 1.9820791e-16 2.1278247e-15 6.1932982e-14 3.4631315e-13]
Label: climbing_hold    Predictions: [1.0000000e+00 3.0056699e-18 2.9535258e-16 5.2909357e-14 5.5827459e-15
 1.2037645e-18 2.3801569e-19 7.2108286e-19 1.0362236e-16 8.5469378e-14]
Label: climbing_hold    Predictions: [1.00000000e+00 5.46937079e-11 2.35695158e-10 5.16805887e-09
 7.21904980e-10 3.63237977e-12 3.45653898e-13 1.09056854e-10
 5.42138660e-11 5.49155499e-10]
Label: climbing_hold    Predictions: [1.0000000e+00 1.6724911e-12 1.8345832e-11 2.1872215e-09 4.2722614e-10
 2.3571683e-13 4.2666178e-14 4.2062625e-12 1.4376811e-11 5.5522906e-11]
Label: climbing_hold    Predictions: [1.0000000e+00 6.8696913e-17 1.7464451e-16 5.3286816e-14 3.5557335e-13
 3.3681045e-18 2.5884498e-19 2.8569813e-17 7.8239752e-17 9.9252451e-16]
Label: climbing_hold    Predictions: [1.0000000e+00 6.3211521e-17 1.7675101e-16 4.6177594e-14 2.5879049e-13
 3.4243431e-18 2.2180339e-19 2.1725398e-17 7.5771551e-17 9.1720359e-16]
Label: climbing_hold    Predictions: [1.0000000e+00 5.3948806e-17 1.5280604e-16 4.0058235e-14 1.8926801e-13
 2.9984780e-18 1.7280524e-19 1.5684911e-17 6.2538752e-17 8.6101857e-16]
Label: climbing_hold    Predictions: [1.0000000e+00 1.5008800e-15 1.6721650e-13 2.0854436e-11 3.3120395e-13
 1.6043662e-15 2.5586097e-16 4.4376591e-16 3.2939824e-14 5.3094816e-12]
Label: climbing_hold    Predictions: [1.0000000e+00 2.3779643e-16 1.9315555e-14 5.4606744e-12 8.2428720e-14
 1.3353273e-16 4.3700743e-17 4.2186896e-17 4.9392888e-15 1.4051616e-12]
Label: climbing_hold    Predictions: [1.00000000e+00 2.55859770e-14 2.43226771e-12 1.10708338e-10
 5.87127916e-12 1.24304524e-14 6.75927337e-15 4.94515199e-15
 2.17380028e-13 1.96849190e-10]
Label: clip    Predictions: [1.0765983e-12 1.0000000e+00 1.3112130e-14 1.4999411e-08 9.8604692e-12
 9.9281965e-13 1.0161974e-11 1.2828859e-13 4.4753850e-15 2.7311224e-12]
Label: clip    Predictions: [4.7855536e-10 9.9999976e-01 1.8289821e-11 2.0873496e-07 4.0635156e-10
 2.3372804e-10 5.7058624e-09 1.5309645e-10 2.5754867e-12 4.5116405e-10]
Label: clip    Predictions: [3.5576178e-09 9.9999940e-01 2.7411540e-10 5.6512943e-07 6.8545686e-10
 4.4512185e-09 3.2675086e-08 2.3270541e-09 1.2597956e-10 2.8717309e-09]
Label: clip    Predictions: [2.5476921e-12 1.0000000e+00 8.6480661e-14 3.6322621e-08 2.0990999e-11
 3.6216017e-12 6.1847021e-11 1.7259999e-12 3.9657066e-14 5.4178901e-12]
Label: clip    Predictions: [5.5701449e-10 9.9999988e-01 9.6944813e-11 6.0136777e-08 7.0435524e-10
 7.5153661e-09 1.3513152e-08 7.4686950e-09 3.7675883e-11 1.0359505e-09]
Label: clip    Predictions: [2.5476921e-12 1.0000000e+00 8.6480661e-14 3.6322621e-08 2.0990999e-11
 3.6216017e-12 6.1847021e-11 1.7259999e-12 3.9657066e-14 5.4178901e-12]
Label: clip    Predictions: [5.1898951e-08 9.9998522e-01 2.1639034e-08 5.0833678e-06 3.3323960e-08
 6.8033194e-07 5.8989048e-07 8.3361774e-06 5.3776663e-09 4.7433780e-08]
Label: clip    Predictions: [3.0200641e-11 9.9999988e-01 7.4949948e-13 1.2235957e-07 7.9006697e-12
 1.4143770e-11 4.4776072e-10 1.5997511e-12 5.7112165e-14 1.7385128e-11]
Label: clip    Predictions: [2.0391357e-11 9.9999774e-01 8.5732100e-13 2.2286920e-06 8.2104948e-11
 7.0512360e-11 2.2374669e-09 6.9448494e-13 2.5708569e-13 1.4725240e-11]
Label: clip    Predictions: [4.4784243e-10 9.9998212e-01 7.8045539e-12 1.7881253e-05 1.9364321e-09
 1.5578724e-10 2.1412866e-08 2.0498003e-11 2.1243959e-12 6.6033581e-11]
Label: clip    Predictions: [2.5476921e-12 1.0000000e+00 8.6480661e-14 3.6322621e-08 2.0990999e-11
 3.6216017e-12 6.1847021e-11 1.7259999e-12 3.9657066e-14 5.4178901e-12]
Label: clip    Predictions: [1.5071627e-09 9.9999905e-01 3.8904766e-10 8.9372742e-07 7.5487900e-09
 4.5286752e-09 2.8991167e-08 7.6593496e-09 1.4417584e-10 5.5722680e-09]
Label: clip    Predictions: [2.7986996e-11 9.9999905e-01 2.7614993e-13 8.9893319e-07 2.1622920e-11
 2.6254355e-12 7.6641382e-10 1.7906022e-13 4.6101781e-14 2.7858683e-12]
Label: clip    Predictions: [2.5476921e-12 1.0000000e+00 8.6480661e-14 3.6322621e-08 2.0990999e-11
 3.6216017e-12 6.1847021e-11 1.7259999e-12 3.9657066e-14 5.4178901e-12]
Label: clip    Predictions: [1.13352236e-11 9.99999881e-01 5.48999594e-13 8.73609238e-08
 6.29621494e-11 1.61181624e-11 2.24266619e-10 8.73220940e-12
 2.77173385e-13 2.31884720e-11]
Label: clip    Predictions: [1.3576389e-13 1.0000000e+00 1.0388165e-15 2.3901228e-09 4.4101753e-13
 1.6056014e-13 7.6164561e-12 7.7572013e-16 3.1790086e-17 5.3776912e-14]
Label: clip    Predictions: [2.5394143e-13 1.0000000e+00 1.8174786e-15 2.6242903e-09 1.5221062e-12
 1.7865375e-13 2.3452103e-11 1.1284853e-15 5.0644652e-17 8.6508214e-14]
Label: clip    Predictions: [1.7101588e-06 9.9876451e-01 6.8476157e-07 3.8218350e-04 2.7907874e-06
 2.5677460e-05 2.8111432e-05 7.9280674e-04 4.5739671e-07 1.0673942e-06]
Label: clip    Predictions: [1.5329052e-10 1.0000000e+00 2.1092940e-11 2.8051572e-08 2.6949135e-10
 5.7531907e-10 4.8099720e-09 9.2400881e-10 5.6729309e-12 2.7224550e-10]
Label: clip    Predictions: [2.5476921e-12 1.0000000e+00 8.6480661e-14 3.6322621e-08 2.0990999e-11
 3.6216017e-12 6.1847021e-11 1.7259999e-12 3.9657066e-14 5.4178901e-12]
Label: dasani    Predictions: [1.4791612e-16 4.2466204e-18 1.0000000e+00 9.6213009e-14 5.6946588e-15
 1.9213607e-16 1.1772625e-13 3.3323974e-14 2.5001137e-11 8.5634523e-14]
Label: dasani    Predictions: [9.6148944e-01 9.5758778e-06 3.7791546e-02 1.0043951e-04 3.4783076e-04
 3.3277224e-06 1.0143589e-06 4.1402625e-05 1.7087211e-04 4.4484364e-05]
Label: dasani    Predictions: [6.5291290e-16 4.8743123e-18 1.0000000e+00 3.8503448e-13 1.2849276e-14
 3.2909536e-15 8.1812222e-14 7.4468142e-14 2.8002334e-12 7.6731883e-13]
Label: dasani    Predictions: [5.2701843e-01 2.8786057e-05 4.6513933e-01 3.2851423e-04 6.1934057e-04
 5.9566137e-06 2.8853572e-06 3.1377822e-05 6.6674179e-03 1.5797807e-04]
Label: dasani    Predictions: [3.2335289e-12 8.5734908e-13 1.0000000e+00 4.1638692e-08 2.6465104e-11
 4.7308098e-11 3.6012299e-10 2.0710716e-10 2.1804392e-10 6.0965710e-10]
Label: dasani    Predictions: [4.0147057e-01 6.6126915e-05 5.6754798e-01 6.3900341e-04 2.2094555e-03
 1.7718798e-05 8.4801450e-06 9.1030102e-05 2.7728559e-02 2.2110382e-04]
Label: dasani    Predictions: [0.05209415 0.00087273 0.6973916  0.00704035 0.01951727 0.00148671
 0.00093623 0.09956155 0.11812201 0.00297736]
Label: dasani    Predictions: [1.7107680e-01 3.1490016e-04 6.5786660e-01 2.7577514e-03 1.0739074e-02
 9.0862923e-05 5.1376486e-05 1.0183883e-03 1.5516484e-01 9.1936620e-04]
Label: dasani    Predictions: [6.53331494e-16 4.82475219e-18 1.00000000e+00 3.84265617e-13
 1.29432386e-14 3.32101862e-15 8.16736137e-14 7.43015743e-14
 2.79407682e-12 7.72175564e-13]
Label: dasani    Predictions: [0.00650842 0.00073205 0.67391074 0.00323043 0.00781857 0.00196426
 0.00238536 0.01221716 0.28879404 0.00243903]
Label: dasani    Predictions: [4.0054569e-14 9.4408694e-16 1.0000000e+00 2.0786461e-10 2.3562480e-12
 3.9500296e-13 5.6012387e-12 6.4531952e-13 9.5301406e-11 4.7330750e-11]
Label: dasani    Predictions: [6.7538176e-12 9.2298517e-14 9.9999976e-01 1.1366936e-08 4.8598930e-11
 4.0537886e-12 1.7883453e-08 8.5713925e-10 2.9293622e-08 1.8310942e-07]
Label: dasani    Predictions: [0.03136109 0.00114652 0.70414793 0.00605383 0.02700396 0.00218737
 0.00238038 0.0314905  0.18943115 0.00479727]
Label: dasani    Predictions: [2.2118787e-15 4.5215582e-17 1.0000000e+00 1.4000226e-12 8.8824950e-14
 6.1354480e-15 8.4846203e-13 1.8075932e-13 2.4075939e-11 6.4388013e-12]
Label: dasani    Predictions: [1.7326610e-14 6.2293307e-16 1.0000000e+00 4.3307458e-12 1.4272673e-13
 4.9842824e-14 4.4355297e-11 8.1077376e-12 6.5839452e-11 7.5476335e-12]
Label: dasani    Predictions: [1.3116551e-15 7.4642330e-18 1.0000000e+00 7.2598974e-13 2.4243082e-14
 4.7746841e-15 9.3462788e-14 7.4514315e-14 2.3294233e-12 8.1486928e-13]
Label: dasani    Predictions: [4.2001471e-15 3.3238797e-17 1.0000000e+00 1.7557772e-12 5.5456253e-14
 1.8885536e-14 1.5458362e-13 1.6574472e-13 1.8884413e-11 3.3466433e-12]
Label: dasani    Predictions: [2.9585651e-01 3.8131932e-06 7.0026195e-01 1.0019085e-04 1.9077217e-04
 7.8846836e-07 1.7377995e-07 4.5471038e-06 3.5526080e-03 2.8651530e-05]
Label: dasani    Predictions: [3.3361575e-01 2.2432367e-04 5.9276271e-01 1.1363315e-03 8.4842751e-03
 8.6435168e-05 8.0829101e-05 8.9254347e-04 6.2389012e-02 3.2780867e-04]
Label: dasani    Predictions: [9.2755008e-01 2.4078037e-05 7.0571147e-02 1.7326220e-04 9.1257336e-04
 1.0670818e-05 2.3319915e-06 2.2347228e-04 4.5179704e-04 8.0497150e-05]
Label: glue    Predictions: [1.2422184e-07 3.0886929e-04 1.2286504e-09 9.9969077e-01 4.2413930e-09
 5.6532066e-08 1.5306135e-07 5.8952607e-11 4.0965106e-10 4.9719713e-08]
Label: glue    Predictions: [4.6629015e-07 2.1437854e-02 4.8564129e-08 9.7854596e-01 1.1908510e-06
 1.1772100e-07 1.3904008e-05 2.6400624e-09 6.8007630e-08 4.6870522e-07]
Label: glue    Predictions: [2.1325158e-13 8.5390484e-15 1.4448242e-13 1.0000000e+00 4.8645170e-13
 2.1938793e-11 2.3518435e-12 1.3143498e-15 7.2323657e-13 8.5928259e-13]
Label: glue    Predictions: [3.4450538e-13 1.1080740e-14 1.9124170e-13 1.0000000e+00 5.8267524e-13
 2.6453850e-11 2.9485730e-12 1.5040954e-15 1.0100539e-12 9.4289518e-13]
Label: glue    Predictions: [5.74628956e-11 2.41757829e-12 1.10458986e-11 1.00000000e+00
 1.54257735e-11 4.20951141e-09 1.07368336e-10 1.38053184e-13
 3.30402962e-11 2.14328402e-10]
Label: glue    Predictions: [7.3571459e-06 1.5852166e-02 2.1432611e-07 9.8413044e-01 2.4491721e-06
 1.9298493e-06 1.3798789e-06 7.7971663e-08 5.6857584e-08 3.7844736e-06]
Label: glue    Predictions: [1.1145853e-08 1.7659622e-07 7.7531274e-07 9.9998510e-01 5.2913880e-08
 1.1380303e-05 6.5125141e-07 3.0551437e-09 7.1416781e-07 1.0921532e-06]
Label: glue    Predictions: [9.6783185e-07 3.9414740e-01 8.8787158e-07 6.0571331e-01 2.4479281e-05
 1.1709711e-05 9.6816329e-05 2.7971107e-06 2.0131939e-07 1.4380454e-06]
Label: glue    Predictions: [1.47852643e-06 3.07690233e-01 1.94187550e-07 6.92277968e-01
 1.75691923e-06 2.91257288e-06 2.30162914e-05 1.13705624e-07
 9.10093618e-08 2.24882115e-06]
Label: glue    Predictions: [1.1155577e-06 4.5798883e-02 1.2563960e-07 9.5419079e-01 5.1293091e-06
 5.7725919e-07 1.0567378e-06 3.4500946e-08 2.1488828e-08 2.2051440e-06]
Label: glue    Predictions: [1.20199914e-03 9.63797327e-03 1.69241696e-06 9.89103556e-01
 2.22445033e-05 2.50077687e-06 1.83968295e-05 1.09647857e-07
 4.62140832e-07 1.10792125e-05]
Label: glue    Predictions: [1.9423636e-08 1.5588861e-07 1.6296732e-09 9.9999976e-01 1.6269656e-08
 9.2932432e-08 5.2678409e-08 1.9669441e-11 1.1666312e-09 3.8778587e-08]
Label: glue    Predictions: [9.6614083e-10 1.6098692e-10 8.9149937e-11 9.9999988e-01 1.8943729e-10
 9.4466699e-08 1.0415039e-09 3.0548693e-12 1.2795227e-10 3.6931913e-09]
Label: glue    Predictions: [9.4246388e-10 4.5185344e-10 6.6379373e-09 9.9999881e-01 1.8894821e-09
 1.0911385e-06 9.5483514e-09 1.4408069e-10 7.1563825e-08 1.3643746e-08]
Label: glue    Predictions: [1.1217765e-12 7.8855013e-14 1.4171208e-11 1.0000000e+00 3.3331699e-12
 1.1301780e-08 8.4547386e-12 8.8098752e-14 1.5005239e-09 5.5379389e-11]
Label: glue    Predictions: [1.1272956e-06 5.9558599e-05 1.9317377e-09 9.9993908e-01 2.5185393e-08
 5.0070401e-09 9.0673957e-08 4.1012405e-11 6.3006650e-10 8.9592959e-08]
Label: glue    Predictions: [4.61720674e-07 7.39107927e-05 1.04745035e-09 9.99925375e-01
 1.67651115e-09 3.07738510e-08 6.35035207e-08 2.31561610e-11
 4.28655250e-10 1.08313614e-07]
Label: glue    Predictions: [1.1194758e-06 3.3355400e-02 5.3929764e-08 9.6662915e-01 1.6087953e-06
 8.3895600e-08 1.1970571e-05 1.7356108e-09 3.4653834e-08 5.6475585e-07]
Label: glue    Predictions: [1.3664732e-11 3.5982583e-13 1.7668970e-12 1.0000000e+00 3.2274656e-12
 4.1998240e-09 1.8975798e-11 2.2380596e-14 1.1200453e-11 3.6416495e-11]
Label: glue    Predictions: [2.21387127e-11 4.49955663e-11 2.30612929e-09 1.00000000e+00
 8.61083219e-11 3.04244381e-08 5.72086656e-10 4.63636811e-12
 1.43908805e-08 5.48437695e-09]
Label: spray_bottle    Predictions: [1.4549055e-06 1.5841758e-09 6.8831971e-09 4.8156035e-06 9.9999356e-01
 2.1189835e-10 1.4886051e-08 2.8032334e-09 9.5479606e-08 6.9202408e-09]
Label: spray_bottle    Predictions: [6.5263414e-08 5.7130296e-09 2.0729053e-10 6.2100631e-09 9.9999237e-01
 9.3565367e-10 1.2401823e-10 7.5183175e-06 8.7524454e-10 1.8813393e-09]
Label: spray_bottle    Predictions: [6.1711532e-08 3.1063344e-10 1.4907378e-09 9.8748160e-07 9.9999893e-01
 5.0388771e-10 2.6078876e-08 5.0617572e-09 5.0636142e-08 2.6549332e-09]
Label: spray_bottle    Predictions: [3.1767504e-05 9.2581054e-08 2.4633951e-07 2.4594985e-05 9.9994230e-01
 1.1801336e-08 7.7675637e-08 1.2011985e-07 5.7292914e-07 1.6064803e-07]
Label: spray_bottle    Predictions: [5.7533278e-08 1.0854189e-12 5.4502475e-12 1.4353187e-08 9.9999988e-01
 5.4874179e-14 1.9895027e-12 2.0997273e-12 1.6986233e-10 4.7142598e-12]
Label: spray_bottle    Predictions: [2.01918430e-12 1.00124106e-14 1.98766886e-14 5.17087892e-13
 1.00000000e+00 2.20982087e-15 3.17185315e-15 2.40383380e-09
 1.77051922e-13 8.55125907e-14]
Label: spray_bottle    Predictions: [7.1301666e-11 1.3195010e-12 3.0983446e-13 1.5745487e-10 1.0000000e+00
 1.4001554e-13 4.9590917e-12 3.9631515e-10 1.0903496e-11 2.0256724e-12]
Label: spray_bottle    Predictions: [1.1028588e-12 1.6487567e-14 4.3532903e-15 3.3500535e-12 1.0000000e+00
 4.2215413e-16 1.1078628e-14 7.2552526e-11 4.2599581e-14 7.7577268e-14]
Label: spray_bottle    Predictions: [2.6706816e-08 1.9017582e-10 2.6058436e-10 9.5038878e-08 9.9999988e-01
 2.6368624e-10 1.9119295e-08 5.6887695e-09 3.4205875e-08 7.4615153e-10]
Label: spray_bottle    Predictions: [2.4797181e-10 2.2713834e-11 6.6532647e-11 2.2875930e-10 9.9999070e-01
 1.0619963e-11 1.0326823e-12 9.3082299e-06 5.1587876e-11 1.9567865e-10]
Label: spray_bottle    Predictions: [9.4170211e-04 4.6681798e-08 8.3249631e-08 8.7977998e-07 9.9904102e-01
 5.3676521e-09 1.0092066e-08 1.5472820e-05 3.4269237e-07 3.3807220e-07]
Label: spray_bottle    Predictions: [6.1484179e-03 1.5217049e-09 2.8900756e-08 2.7900776e-06 9.9384862e-01
 3.2398967e-10 6.8338413e-10 4.8797407e-08 6.2831241e-08 4.2447066e-08]
Label: spray_bottle    Predictions: [5.7533278e-08 1.0854189e-12 5.4502475e-12 1.4353187e-08 9.9999988e-01
 5.4874179e-14 1.9895027e-12 2.0997273e-12 1.6986233e-10 4.7142598e-12]
Label: spray_bottle    Predictions: [4.1700052e-03 1.0394716e-08 8.1912184e-08 2.0568707e-06 9.9582714e-01
 1.8424177e-09 4.1811261e-09 5.1637949e-07 1.2889177e-07 1.6205810e-07]
Label: spray_bottle    Predictions: [1.9492549e-05 2.1622755e-09 2.9565530e-08 3.2515914e-06 9.9997699e-01
 2.7512384e-10 4.7071955e-09 2.3558784e-09 2.3528540e-07 7.0395543e-09]
Label: spray_bottle    Predictions: [1.5292609e-04 1.6310939e-06 1.0452458e-06 4.0053931e-04 9.9936408e-01
 4.6285291e-07 4.6644578e-05 1.4518889e-06 2.7385522e-05 3.7750467e-06]
Label: spray_bottle    Predictions: [1.0381989e-04 3.3003865e-08 1.9708064e-07 7.4273075e-06 9.9988699e-01
 7.2692612e-09 7.2876278e-09 1.1984420e-07 1.3695093e-06 9.1209884e-08]
Label: spray_bottle    Predictions: [1.6703508e-08 9.9426423e-10 3.4786549e-08 1.8993664e-08 9.9990952e-01
 2.4901532e-09 3.4952188e-10 9.0307403e-05 2.2198007e-08 3.0483953e-08]
Label: spray_bottle    Predictions: [1.1690225e-11 3.7393987e-13 4.9849496e-13 5.6935802e-12 9.9999988e-01
 1.2781428e-13 2.5062733e-14 7.9178072e-08 1.0254844e-12 2.1440096e-12]
Label: spray_bottle    Predictions: [1.7954853e-05 1.3302194e-07 1.7060314e-07 6.1176439e-07 7.6076895e-01
 5.2419757e-08 2.2563598e-09 2.3921153e-01 5.4625001e-08 5.2253279e-07]
Label: toothbrushes    Predictions: [1.3897078e-12 1.2536396e-12 1.6631111e-11 1.3661280e-09 6.6007561e-11
 1.0000000e+00 2.3702700e-09 1.2719953e-12 2.2857390e-10 2.0381460e-10]
Label: toothbrushes    Predictions: [5.5036023e-14 5.5481749e-14 4.2734531e-13 4.7284551e-11 3.9920450e-12
 1.0000000e+00 1.1133282e-10 3.8386103e-14 1.2511367e-11 2.6596217e-11]
Label: toothbrushes    Predictions: [5.3110562e-14 4.3152974e-14 6.0514262e-13 3.0880822e-11 3.9779608e-12
 1.0000000e+00 7.1423492e-11 4.8935956e-14 1.2307768e-11 1.7102838e-11]
Label: toothbrushes    Predictions: [1.4664480e-11 4.1002523e-12 2.1042038e-10 1.3869348e-09 2.1418006e-10
 1.0000000e+00 4.2436964e-11 2.1003574e-11 3.3761161e-08 9.0439639e-10]
Label: toothbrushes    Predictions: [4.7415114e-12 1.1457728e-12 8.2099653e-11 5.2355031e-10 7.5823826e-11
 1.0000000e+00 1.4018296e-11 6.2059806e-12 1.4801973e-08 3.3658643e-10]
Label: toothbrushes    Predictions: [5.8508159e-10 4.8415028e-10 4.0119814e-09 6.2814102e-08 4.4329456e-09
 9.9999797e-01 1.3885122e-09 1.0019618e-09 1.8673529e-06 2.1481766e-08]
Label: toothbrushes    Predictions: [1.09504544e-10 3.05805520e-10 5.27450139e-10 1.19131798e-07
 1.60600544e-09 9.99999762e-01 3.32855382e-10 4.94455761e-11
 1.54779073e-07 9.00681751e-09]
Label: toothbrushes    Predictions: [1.4944309e-08 1.0816792e-08 9.8276210e-08 3.1550252e-07 2.8757995e-07
 9.9999702e-01 9.0213767e-08 4.6970595e-08 1.9672289e-06 1.9605753e-07]
Label: toothbrushes    Predictions: [3.8144029e-07 1.1755195e-06 1.3654652e-06 4.1852012e-02 3.4302218e-07
 9.5309764e-01 4.4980239e-05 4.7600847e-07 4.9037100e-03 9.7831500e-05]
Label: toothbrushes    Predictions: [6.0110544e-10 2.6077018e-10 3.1290828e-09 1.6208169e-06 1.6494685e-08
 9.9999750e-01 3.2221621e-08 9.6402886e-10 8.4412358e-07 2.7373375e-08]
Label: toothbrushes    Predictions: [4.7415114e-12 1.1457728e-12 8.2099653e-11 5.2355031e-10 7.5823826e-11
 1.0000000e+00 1.4018296e-11 6.2059806e-12 1.4801973e-08 3.3658643e-10]
Label: toothbrushes    Predictions: [6.3730837e-10 1.6330396e-09 4.3160320e-09 9.2175277e-08 1.2576844e-08
 9.9999964e-01 2.1531099e-09 1.4406109e-09 2.1911667e-07 1.7025656e-08]
Label: toothbrushes    Predictions: [4.7415114e-12 1.1457728e-12 8.2099653e-11 5.2355031e-10 7.5823826e-11
 1.0000000e+00 1.4018296e-11 6.2059806e-12 1.4801973e-08 3.3658643e-10]
Label: toothbrushes    Predictions: [4.05185530e-09 7.59033369e-09 4.89280794e-08 1.62638275e-06
 1.73894762e-07 9.99994278e-01 2.95635323e-06 4.64019462e-10
 1.10814575e-07 8.96358188e-07]
Label: toothbrushes    Predictions: [1.3522055e-11 1.0474716e-11 1.4215640e-10 1.2128388e-09 3.3663841e-10
 1.0000000e+00 3.0910875e-11 1.3107024e-11 3.9413024e-08 7.6769618e-10]
Label: toothbrushes    Predictions: [1.1879314e-17 3.3263533e-17 9.7245477e-17 3.7976717e-16 1.2798436e-16
 1.0000000e+00 1.2469129e-11 1.4129762e-17 5.9769932e-16 5.8951528e-14]
Label: toothbrushes    Predictions: [4.1872616e-11 1.1654476e-10 1.0527542e-09 1.6215327e-07 5.1624038e-09
 9.9999988e-01 9.9916271e-09 4.5769825e-11 4.3219579e-08 1.1585560e-08]
Label: toothbrushes    Predictions: [1.6774839e-08 7.9009233e-08 1.9220541e-07 7.3480264e-06 9.2917213e-07
 9.9997282e-01 1.4222585e-05 1.7396650e-09 2.3815848e-07 4.2213596e-06]
Label: toothbrushes    Predictions: [7.5034662e-16 6.4156346e-15 3.8937014e-14 1.5773139e-14 4.9049285e-15
 1.0000000e+00 1.0176571e-09 2.0669107e-15 9.2199299e-14 1.2762342e-11]
Label: toothbrushes    Predictions: [9.7060169e-17 3.3004813e-16 1.6050823e-15 2.1138929e-15 5.9909174e-16
 1.0000000e+00 7.9854380e-11 1.2341328e-16 4.5341373e-15 4.8370476e-13]
Label: toothpaste    Predictions: [8.2236022e-18 8.4189167e-16 5.5242364e-14 1.3957917e-15 6.4964838e-16
 5.9517181e-15 1.0000000e+00 2.2152057e-15 7.7264914e-15 4.2132075e-16]
Label: toothpaste    Predictions: [2.0384469e-16 6.5364093e-15 1.0895606e-13 2.2007136e-12 5.7174412e-14
 1.4995588e-14 1.0000000e+00 1.2318529e-14 8.2142443e-14 7.6051361e-15]
Label: toothpaste    Predictions: [5.9490759e-18 5.1225636e-16 5.9068581e-14 1.6922736e-16 8.7272556e-14
 9.2232595e-09 1.0000000e+00 2.5660298e-15 2.2872683e-15 4.9927857e-15]
Label: toothpaste    Predictions: [5.9490759e-18 5.1225636e-16 5.9068581e-14 1.6922736e-16 8.7272556e-14
 9.2232595e-09 1.0000000e+00 2.5660298e-15 2.2872683e-15 4.9927857e-15]
Label: toothpaste    Predictions: [7.8428005e-17 7.7241925e-15 9.1688367e-12 3.4747711e-16 5.2771914e-13
 2.3835137e-08 1.0000000e+00 6.2299788e-14 9.1116502e-13 2.7949585e-14]
Label: toothpaste    Predictions: [2.2179952e-14 2.6415681e-13 1.5827840e-08 3.9741156e-14 3.9269529e-11
 9.7189411e-07 9.9999905e-01 6.0181929e-12 2.4071981e-10 5.2726616e-12]
Label: toothpaste    Predictions: [7.0843068e-11 5.6151928e-10 3.0737528e-09 4.2611936e-10 2.1372219e-10
 2.3778650e-08 1.0000000e+00 2.0355218e-08 1.7559240e-09 2.3732682e-10]
Label: toothpaste    Predictions: [1.6747336e-15 9.0807163e-14 2.6945153e-09 2.0769140e-15 4.6804769e-12
 1.2722984e-06 9.9999869e-01 5.7686673e-13 6.3462548e-11 8.9202468e-13]
Label: toothpaste    Predictions: [1.15077665e-17 1.43384975e-15 7.93172019e-14 4.63373291e-16
 1.99130155e-13 1.61989995e-08 1.00000000e+00 4.34294036e-15
 2.95256987e-15 8.37529322e-15]
Label: toothpaste    Predictions: [2.4245667e-18 6.5157930e-16 1.4210982e-13 3.2328177e-17 8.6891540e-14
 2.5471579e-08 1.0000000e+00 2.3971373e-15 8.0124878e-15 4.3350121e-15]
Label: toothpaste    Predictions: [5.9490759e-18 5.1225636e-16 5.9068581e-14 1.6922736e-16 8.7272556e-14
 9.2232595e-09 1.0000000e+00 2.5660298e-15 2.2872683e-15 4.9927857e-15]
Label: toothpaste    Predictions: [2.6433545e-07 1.7235539e-06 3.9847837e-06 6.8376910e-05 9.8084542e-04
 8.4076449e-03 9.9023914e-01 2.3770541e-05 1.6152888e-04 1.1265665e-04]
Label: toothpaste    Predictions: [2.7777373e-06 9.3509516e-06 2.8216070e-04 9.3928671e-01 7.8642042e-06
 5.8567408e-03 5.0101709e-02 3.0379661e-05 1.4378418e-03 2.9845275e-03]
Label: toothpaste    Predictions: [5.9490759e-18 5.1225636e-16 5.9068581e-14 1.6922736e-16 8.7272556e-14
 9.2232595e-09 1.0000000e+00 2.5660298e-15 2.2872683e-15 4.9927857e-15]
Label: toothpaste    Predictions: [6.9002032e-19 1.7420868e-16 1.0223061e-14 1.4044541e-16 6.4733011e-17
 1.0215609e-15 1.0000000e+00 3.4484670e-16 1.8588197e-15 8.3271796e-17]
Label: toothpaste    Predictions: [5.2037877e-16 3.8971465e-15 2.7566042e-12 3.9554633e-14 4.3956762e-15
 2.7247318e-13 1.0000000e+00 2.4770382e-13 3.2197845e-13 7.4418121e-15]
Label: toothpaste    Predictions: [3.7320342e-19 2.7068552e-17 7.0519204e-16 4.0989110e-14 3.8508583e-17
 1.7344669e-17 1.0000000e+00 2.6720761e-17 5.1906382e-18 2.9224002e-18]
Label: toothpaste    Predictions: [7.2078110e-17 4.4035282e-16 9.3863361e-13 1.3374334e-15 7.9013017e-16
 3.9889583e-14 1.0000000e+00 4.3383889e-14 9.2388533e-14 1.2873261e-15]
Label: toothpaste    Predictions: [4.7247059e-18 7.6706885e-16 4.8443457e-15 1.3985920e-12 3.2768213e-16
 7.5583040e-17 1.0000000e+00 2.5743917e-16 7.1047046e-17 2.6783521e-17]
Label: toothpaste    Predictions: [1.5036847e-12 7.0525235e-09 1.3848063e-10 7.9864666e-09 4.5449111e-10
 4.2384246e-10 1.0000000e+00 2.1765086e-10 7.1398429e-11 2.1119953e-11]
Label: watermelon    Predictions: [4.5912959e-15 3.7947174e-16 1.9106905e-15 3.2457535e-18 6.8707105e-14
 8.0278381e-17 3.6580239e-18 1.0000000e+00 1.1706122e-17 1.5545431e-14]
Label: watermelon    Predictions: [1.0672498e-10 1.2945846e-12 1.1658830e-11 1.2740757e-13 4.4503002e-11
 2.5293029e-12 6.5635632e-13 1.0000000e+00 4.2232954e-13 8.7816879e-11]
Label: watermelon    Predictions: [4.3477852e-13 1.1508580e-13 1.1414452e-12 5.5009970e-15 3.4723155e-11
 6.5706873e-14 5.9694308e-15 1.0000000e+00 1.3345597e-14 1.1924383e-12]
Label: watermelon    Predictions: [4.9117830e-06 2.9345216e-07 3.2383018e-06 1.3559752e-06 2.0935275e-05
 7.3563177e-07 9.2972293e-08 9.9996710e-01 1.1568813e-07 1.1462413e-06]
Label: watermelon    Predictions: [9.4246366e-13 7.9943254e-14 4.7402820e-12 5.3202322e-14 5.9017458e-10
 4.7141230e-13 1.1336771e-13 1.0000000e+00 6.9736760e-15 8.8636511e-12]
Label: watermelon    Predictions: [9.4246366e-13 7.9943254e-14 4.7402820e-12 5.3202322e-14 5.9017458e-10
 4.7141230e-13 1.1336771e-13 1.0000000e+00 6.9736760e-15 8.8636511e-12]
Label: watermelon    Predictions: [4.6737278e-13 1.8166409e-14 5.9170517e-14 2.8463002e-16 9.1155263e-13
 2.8988106e-15 1.6090111e-16 1.0000000e+00 3.7769686e-16 4.0913600e-13]
Label: watermelon    Predictions: [1.11625605e-10 1.04099247e-11 6.48182452e-10 2.40378082e-11
 3.95781470e-08 1.37072881e-10 1.40425145e-11 1.00000000e+00
 4.81506848e-12 6.99516833e-10]
Label: watermelon    Predictions: [5.1495254e-15 4.2038317e-16 1.5357223e-15 2.9369285e-18 5.9262796e-14
 7.2797386e-17 3.0957141e-18 1.0000000e+00 1.0155025e-17 1.5216113e-14]
Label: watermelon    Predictions: [5.9590420e-08 2.2627324e-09 1.4844145e-09 1.6522508e-10 6.7774465e-08
 4.8763954e-10 3.5660280e-10 9.9999976e-01 1.3255158e-10 2.6032332e-08]
Label: watermelon    Predictions: [4.5912959e-15 3.7947174e-16 1.9106905e-15 3.2457535e-18 6.8707105e-14
 8.0278381e-17 3.6580239e-18 1.0000000e+00 1.1706122e-17 1.5545431e-14]
Label: watermelon    Predictions: [1.4646760e-06 4.3803587e-07 1.6731991e-06 9.0515755e-07 5.7341567e-05
 2.7466604e-06 5.4323982e-07 9.9993372e-01 3.9222407e-08 9.8338853e-07]
Label: watermelon    Predictions: [1.1164869e-06 3.2108741e-07 1.0467000e-06 1.5219662e-07 8.0336220e-05
 3.2168967e-07 1.0734489e-06 9.9991500e-01 1.7199644e-08 5.6293345e-07]
Label: watermelon    Predictions: [2.5763047e-06 1.0381077e-06 3.6687734e-06 2.1099238e-06 1.5914753e-05
 2.6137106e-06 8.1495688e-07 9.9996996e-01 1.3809567e-07 1.2060960e-06]
Label: watermelon    Predictions: [8.0119536e-11 5.7398019e-12 7.1804854e-11 1.3443049e-12 7.3503348e-10
 1.5905973e-11 3.2994560e-12 1.0000000e+00 1.0837557e-12 5.9992337e-11]
Label: watermelon    Predictions: [9.4965485e-12 4.9651749e-13 2.7609097e-11 4.8477151e-13 2.6814710e-09
 4.3587976e-12 9.4444309e-13 1.0000000e+00 8.2812595e-14 3.7375134e-11]
Label: watermelon    Predictions: [2.1861447e-06 8.4230471e-08 2.9605541e-08 8.9799226e-09 1.2673543e-06
 1.3546909e-08 9.6109440e-09 9.9999619e-01 2.7122460e-09 1.8014585e-07]
Label: watermelon    Predictions: [3.9447653e-10 6.9216078e-12 1.0986818e-10 2.3874856e-12 1.0880364e-09
 1.2233132e-11 5.8352715e-13 1.0000000e+00 4.9400501e-12 1.3059094e-10]
Label: watermelon    Predictions: [1.61326591e-10 6.37029329e-13 2.86771770e-11 1.76352585e-13
 5.03754649e-10 1.61177874e-12 2.06287217e-13 1.00000000e+00
 1.67405098e-13 1.07710056e-10]
Label: watermelon    Predictions: [1.0220539e-07 5.5229004e-09 1.1878956e-08 1.0901693e-09 1.6063379e-07
 4.3802877e-09 2.8882992e-09 9.9999964e-01 1.3247050e-09 7.4164006e-08]
Label: wipes    Predictions: [9.1744417e-09 1.9056507e-09 9.8523367e-09 3.1253219e-07 3.8432788e-08
 1.0370581e-07 1.7942757e-08 1.1085751e-09 9.9999928e-01 2.9397171e-07]
Label: wipes    Predictions: [9.75758211e-13 3.73621727e-14 1.20310758e-11 5.79017057e-09
 6.62244565e-11 5.44145031e-08 6.00615423e-13 1.05037134e-13
 9.99999881e-01 1.15537274e-10]
Label: wipes    Predictions: [9.9875295e-13 5.9941153e-13 8.3740646e-11 3.6372936e-09 8.2877628e-12
 1.2014510e-09 3.4633908e-12 2.7658824e-13 1.0000000e+00 1.9729460e-10]
Label: wipes    Predictions: [9.3136499e-10 5.7218646e-10 1.0011380e-06 2.1725600e-06 1.1065472e-08
 4.7793225e-07 6.4232872e-09 7.0537232e-10 9.9999511e-01 1.2073116e-06]
Label: wipes    Predictions: [1.1410523e-10 5.8483024e-11 4.0673505e-08 4.9209411e-06 1.5875918e-09
 8.8942325e-05 1.8017828e-09 1.0245763e-10 9.9989879e-01 7.2504008e-06]
Label: wipes    Predictions: [2.1151636e-11 7.1126260e-12 2.4146336e-08 5.2271758e-08 7.9472685e-11
 3.6194539e-08 4.3400342e-11 1.1301892e-11 9.9999988e-01 4.7923434e-09]
Label: wipes    Predictions: [5.5437455e-10 4.1643407e-11 4.0667633e-08 1.3857798e-09 5.5259912e-09
 3.7846344e-09 1.6331842e-05 1.7920774e-09 9.9996603e-01 1.7625032e-05]
Label: wipes    Predictions: [5.8489330e-13 4.6607482e-13 7.7773843e-11 2.9608238e-09 5.8004864e-12
 5.8610472e-10 2.8240481e-12 1.7352977e-13 1.0000000e+00 1.6319650e-10]
Label: wipes    Predictions: [3.4021051e-14 3.9440027e-15 5.5554628e-13 3.2103379e-11 2.7896513e-12
 2.8076794e-11 9.5973454e-14 1.4609795e-14 1.0000000e+00 3.8229146e-11]
Label: wipes    Predictions: [2.2343830e-14 3.3373126e-15 3.7770104e-13 2.9312140e-11 1.9400349e-12
 3.2970609e-11 7.2905318e-14 9.2218239e-15 1.0000000e+00 3.3799449e-11]
Label: wipes    Predictions: [6.0863989e-08 5.4578113e-08 1.5858571e-06 2.4768704e-07 8.8410638e-07
 3.0680857e-07 4.4953276e-07 2.7619777e-08 9.9999607e-01 3.8792263e-07]
Label: wipes    Predictions: [1.39561136e-08 1.19149126e-08 1.64964702e-04 1.37839415e-05
 6.22423897e-07 2.53760354e-05 7.93534491e-06 2.53988741e-08
 9.99775708e-01 1.15471585e-05]
Label: wipes    Predictions: [6.98327909e-17 8.39082170e-18 1.30636706e-15 1.90859088e-13
 1.27950315e-14 3.22141239e-13 1.62648167e-16 9.91199278e-18
 1.00000000e+00 2.58455068e-13]
Label: wipes    Predictions: [6.8380496e-11 1.1622683e-11 8.5576039e-11 1.7063925e-08 2.7789956e-10
 7.9245428e-09 1.6954546e-10 4.5578151e-12 1.0000000e+00 2.2060807e-08]
Label: wipes    Predictions: [6.2825248e-12 2.6289960e-12 9.8722974e-10 1.3961207e-09 4.3338408e-10
 2.3670294e-10 1.1215979e-10 1.1022847e-12 1.0000000e+00 5.5820632e-08]
Label: wipes    Predictions: [6.7236420e-19 3.3789236e-20 1.7296171e-17 6.1087313e-15 2.4124742e-16
 1.0646615e-14 8.9720352e-19 2.0367794e-20 1.0000000e+00 5.5350973e-15]
Label: wipes    Predictions: [1.4985349e-10 8.1813882e-11 1.7484115e-08 1.7828322e-07 9.6541120e-10
 4.9258113e-09 1.8908965e-10 4.2967418e-11 9.9999976e-01 4.4737099e-08]
Label: wipes    Predictions: [2.2544277e-16 2.1252672e-17 4.9127206e-14 5.6684285e-13 1.0185730e-14
 5.9008695e-13 1.2507406e-15 2.9989258e-17 1.0000000e+00 4.2877841e-12]
Label: wipes    Predictions: [1.5870841e-12 2.1864121e-13 6.9787764e-10 7.6278865e-11 3.0780972e-11
 4.6153031e-10 1.2816088e-10 1.2102073e-12 1.0000000e+00 7.1245729e-09]
Label: wipes    Predictions: [5.8489330e-13 4.6607482e-13 7.7773843e-11 2.9608238e-09 5.8004864e-12
 5.8610472e-10 2.8240481e-12 1.7352977e-13 1.0000000e+00 1.6319650e-10]
Label: zoink    Predictions: [2.5842258e-20 2.4151795e-25 2.4456145e-19 1.7735988e-20 1.8310912e-22
 1.0858312e-19 2.4887593e-24 5.6984033e-20 3.2027306e-18 1.0000000e+00]
Label: zoink    Predictions: [8.1208928e-10 9.2881222e-14 4.1625411e-11 2.3126685e-09 6.7766875e-13
 2.1947972e-08 2.3209346e-14 3.0288556e-13 9.3489950e-07 9.9999905e-01]
Label: zoink    Predictions: [1.2644554e-16 2.9485540e-21 2.4993205e-16 8.6180970e-18 2.1071673e-18
 4.3453574e-16 2.2374849e-20 3.0513140e-18 2.1185914e-15 1.0000000e+00]
Label: zoink    Predictions: [1.3074333e-16 1.4631800e-21 2.0219521e-15 1.2431097e-17 1.7674006e-18
 2.9127855e-17 3.2924771e-20 1.3909214e-17 2.5243687e-15 1.0000000e+00]
Label: zoink    Predictions: [1.0949762e-07 7.4984160e-12 2.9262783e-09 5.0655746e-10 1.5269125e-12
 5.3983298e-09 1.4421136e-11 1.3020834e-11 3.2812076e-11 9.9999988e-01]
Label: zoink    Predictions: [7.8128980e-20 2.3794414e-25 4.8384627e-19 2.4057147e-20 1.3913955e-22
 6.5956041e-20 1.3104889e-24 1.1648647e-19 9.6314338e-18 1.0000000e+00]
Label: zoink    Predictions: [6.54887122e-09 1.12583344e-13 2.13718931e-10 3.70660880e-12
 3.42965131e-14 1.91616251e-10 1.46535873e-13 3.50327867e-13
 9.16419826e-13 1.00000000e+00]
Label: zoink    Predictions: [1.10716034e-16 1.33628695e-21 2.53344537e-16 1.68294445e-17
 5.43219124e-19 2.86679730e-16 5.53379225e-21 1.38644983e-18
 2.51057834e-15 1.00000000e+00]
Label: zoink    Predictions: [3.0897578e-17 5.6902302e-22 3.2132933e-17 5.6918699e-18 7.5589517e-21
 3.5270260e-17 2.1024819e-22 1.5746835e-18 1.2475384e-15 1.0000000e+00]
Label: zoink    Predictions: [4.0101753e-09 1.7125418e-12 2.2619633e-10 8.6205070e-08 2.8199086e-12
 2.7622636e-07 2.7334192e-13 1.2211609e-12 7.3371407e-06 9.9999225e-01]
Label: zoink    Predictions: [3.1987919e-11 8.2249911e-16 2.1720648e-12 1.0847551e-11 1.5845863e-15
 2.4560082e-10 3.9500819e-17 1.1464537e-14 5.8086852e-10 1.0000000e+00]
Label: zoink    Predictions: [2.5886781e-18 9.2166873e-23 3.3640870e-17 2.8813854e-19 1.3610798e-20
 1.5730624e-18 1.8762179e-21 8.4236584e-19 2.6004775e-17 1.0000000e+00]
Label: zoink    Predictions: [7.8128980e-20 2.3794414e-25 4.8384627e-19 2.4057147e-20 1.3913955e-22
 6.5956041e-20 1.3104889e-24 1.1648647e-19 9.6314338e-18 1.0000000e+00]
Label: zoink    Predictions: [7.8128980e-20 2.3794414e-25 4.8384627e-19 2.4057147e-20 1.3913955e-22
 6.5956041e-20 1.3104889e-24 1.1648647e-19 9.6314338e-18 1.0000000e+00]
Label: zoink    Predictions: [1.10716034e-16 1.33628695e-21 2.53344537e-16 1.68294445e-17
 5.43219124e-19 2.86679730e-16 5.53379225e-21 1.38644983e-18
 2.51057834e-15 1.00000000e+00]
Label: zoink    Predictions: [9.9402982e-14 1.5449931e-17 8.6050396e-14 1.1068527e-15 1.4131225e-16
 4.0081756e-15 2.8412979e-17 1.3447278e-16 1.5486420e-14 1.0000000e+00]
Label: zoink    Predictions: [9.5935977e-17 1.3727855e-21 2.3489884e-15 1.0376392e-17 1.5042308e-18
 2.9703030e-17 3.7022695e-20 1.5438972e-17 1.2759008e-15 1.0000000e+00]
Label: zoink    Predictions: [8.1896295e-12 7.2036918e-16 1.5043451e-11 3.6752953e-12 3.3945211e-14
 5.6861902e-12 5.1654420e-15 1.2649452e-12 1.0886466e-09 1.0000000e+00]
Label: zoink    Predictions: [1.45039739e-15 1.04501876e-19 2.34962471e-15 3.34247063e-16
 2.24258987e-17 2.12183469e-15 3.81146809e-19 3.24626270e-17
 8.80950095e-15 1.00000000e+00]
Label: zoink    Predictions: [2.2864031e-06 8.8102459e-09 2.5934939e-06 2.9703082e-05 3.6658420e-08
 9.6946467e-05 1.3966880e-08 1.2798890e-07 2.4836810e-04 9.9961996e-01]
