Label: climbing_hold    Predictions: [0.13011694 0.02662362 0.1368936  0.04951571 0.1172931  0.12360156
 0.12962742 0.05686043 0.0960291  0.1334385 ]
Label: climbing_hold    Predictions: [0.14343841 0.02743619 0.12975927 0.04675097 0.15735486 0.10146508
 0.10114288 0.06695154 0.10036355 0.1253373 ]
Label: climbing_hold    Predictions: [0.09896264 0.03352829 0.14898853 0.05906793 0.13619393 0.13400422
 0.10697997 0.08402755 0.0924669  0.10577998]
Label: climbing_hold    Predictions: [0.11763543 0.03551077 0.17853895 0.06453751 0.12548207 0.0913685
 0.09413764 0.07029742 0.10105171 0.12144008]
Label: climbing_hold    Predictions: [0.16858582 0.02454703 0.10232107 0.04846692 0.10936676 0.12874922
 0.10119565 0.05780071 0.09491441 0.16405243]
Label: climbing_hold    Predictions: [0.10059602 0.02566104 0.16659486 0.04975579 0.11265127 0.12537661
 0.11623535 0.07413606 0.10179439 0.12719858]
Label: climbing_hold    Predictions: [0.10833371 0.03747468 0.12642789 0.06140299 0.10060618 0.09974356
 0.08714221 0.06332356 0.17112315 0.14442204]
Label: climbing_hold    Predictions: [0.13538516 0.02630777 0.1368574  0.04913511 0.1114753  0.14456499
 0.12027971 0.06372847 0.09031608 0.12194996]
Label: climbing_hold    Predictions: [0.13994691 0.03003489 0.18802975 0.05457754 0.09385551 0.13398235
 0.07943966 0.06442695 0.11396999 0.10173652]
Label: climbing_hold    Predictions: [0.13004112 0.02661339 0.13702856 0.0496069  0.11747532 0.12350572
 0.12960051 0.05682616 0.09636964 0.13293271]
Label: climbing_hold    Predictions: [0.1124256  0.03718557 0.17991331 0.06244221 0.09832649 0.15062082
 0.08506197 0.05878893 0.11322885 0.10200622]
Label: climbing_hold    Predictions: [0.13546586 0.03055437 0.1307631  0.04319745 0.1444626  0.10870062
 0.09009042 0.06743575 0.09399815 0.1553317 ]
Label: climbing_hold    Predictions: [0.11384236 0.03614319 0.18205936 0.07132053 0.13227116 0.07872191
 0.08755366 0.0626255  0.11123566 0.12422665]
Label: climbing_hold    Predictions: [0.09647423 0.03660183 0.10768307 0.06658277 0.12994668 0.09240963
 0.09957127 0.09295554 0.14408867 0.13368632]
Label: climbing_hold    Predictions: [0.10660516 0.03252447 0.17804044 0.04415347 0.07971621 0.131292
 0.09834664 0.06236311 0.1530631  0.11389533]
Label: climbing_hold    Predictions: [0.10611857 0.03307385 0.16982393 0.04889607 0.08058633 0.13065834
 0.09513082 0.06366188 0.1630401  0.10901009]
Label: climbing_hold    Predictions: [0.10616875 0.03324044 0.16427103 0.05066529 0.08435323 0.12780346
 0.09287617 0.06535105 0.17024781 0.10502275]
Label: climbing_hold    Predictions: [0.16325806 0.02222543 0.10775842 0.05278425 0.0899571  0.13427193
 0.14326333 0.03969369 0.098768   0.14801982]
Label: climbing_hold    Predictions: [0.13263589 0.0279011  0.13073213 0.04828393 0.12248376 0.11145404
 0.1381468  0.04928148 0.08344726 0.15563363]
Label: climbing_hold    Predictions: [0.11977631 0.02768566 0.1400823  0.05315998 0.11545735 0.11662097
 0.1374251  0.06205311 0.09203859 0.13570067]
Label: clip    Predictions: [0.08857276 0.03443074 0.13866368 0.05786774 0.09239502 0.12547678
 0.10732595 0.09283011 0.11687686 0.14556037]
Label: clip    Predictions: [0.12906927 0.03144309 0.13042444 0.06144692 0.10993833 0.10851872
 0.1501677  0.0505156  0.09875961 0.12971628]
Label: clip    Predictions: [0.10113837 0.02789964 0.08985578 0.05257319 0.10655017 0.14162964
 0.13285333 0.0726688  0.13349786 0.14133325]
Label: clip    Predictions: [0.07813028 0.03742271 0.14556757 0.05475986 0.12362105 0.11628193
 0.12267035 0.08058415 0.12070569 0.12025639]
Label: clip    Predictions: [0.10695098 0.0327928  0.12420322 0.0415902  0.11940636 0.13021085
 0.12719801 0.05814486 0.1256422  0.13386054]
Label: clip    Predictions: [0.07813028 0.03742271 0.14556757 0.05475986 0.12362105 0.11628193
 0.12267035 0.08058415 0.12070569 0.12025639]
Label: clip    Predictions: [0.08342499 0.02522993 0.12641421 0.05233872 0.12013551 0.08874221
 0.1081586  0.09466168 0.1254175  0.17547671]
Label: clip    Predictions: [0.13333294 0.0360008  0.13317482 0.05773748 0.10386547 0.10476197
 0.14246495 0.06529941 0.09632795 0.12703416]
Label: clip    Predictions: [0.11394142 0.03112218 0.12150269 0.06713469 0.09872311 0.15963103
 0.09058114 0.07772129 0.12957665 0.11006581]
Label: clip    Predictions: [0.12660825 0.0383964  0.13248521 0.05598385 0.09703575 0.13036011
 0.16872716 0.05419187 0.08959284 0.1066186 ]
Label: clip    Predictions: [0.07813028 0.03742271 0.14556757 0.05475986 0.12362105 0.11628193
 0.12267035 0.08058415 0.12070569 0.12025639]
Label: clip    Predictions: [0.07613665 0.03759839 0.18429068 0.06097241 0.11416579 0.09517466
 0.11428858 0.07486627 0.114392   0.1281146 ]
Label: clip    Predictions: [0.12326895 0.03135589 0.12120817 0.06483745 0.09612813 0.14714779
 0.11345361 0.05985076 0.12171156 0.12103769]
Label: clip    Predictions: [0.07813028 0.03742271 0.14556757 0.05475986 0.12362105 0.11628193
 0.12267035 0.08058415 0.12070569 0.12025639]
Label: clip    Predictions: [0.08110581 0.03683912 0.15058866 0.05474315 0.11381548 0.1160837
 0.11792366 0.07376944 0.13416834 0.12096269]
Label: clip    Predictions: [0.15065576 0.04388361 0.16450654 0.06326786 0.09254947 0.09468409
 0.08947732 0.05183376 0.10322692 0.14591476]
Label: clip    Predictions: [0.13742445 0.0411052  0.14513288 0.0496648  0.09337785 0.13484943
 0.11883826 0.04807744 0.0946498  0.1368799 ]
Label: clip    Predictions: [0.08639909 0.02884208 0.13939151 0.05489942 0.08561198 0.08583169
 0.09659527 0.10930239 0.13358071 0.17954585]
Label: clip    Predictions: [0.10639136 0.03583827 0.11293281 0.04285934 0.10880843 0.13107516
 0.13057013 0.06745018 0.13248122 0.13159315]
Label: clip    Predictions: [0.07813028 0.03742271 0.14556757 0.05475986 0.12362105 0.11628193
 0.12267035 0.08058415 0.12070569 0.12025639]
Label: dasani    Predictions: [0.07035226 0.03109802 0.1380507  0.02940165 0.06381619 0.15190652
 0.14952494 0.08180681 0.09668419 0.18735866]
Label: dasani    Predictions: [0.12712778 0.0263752  0.14471716 0.04804597 0.10877211 0.10677085
 0.18484859 0.07412912 0.08104926 0.0981639 ]
Label: dasani    Predictions: [0.05575324 0.0305399  0.17372477 0.03040978 0.05772192 0.21061596
 0.12091736 0.07454616 0.12614608 0.11962489]
Label: dasani    Predictions: [0.13625808 0.02468463 0.14691997 0.06931145 0.08585107 0.09582404
 0.17307216 0.05718195 0.13368155 0.07721509]
Label: dasani    Predictions: [0.08738539 0.0297815  0.18507467 0.03010321 0.07370771 0.09800256
 0.11014733 0.08889067 0.09550072 0.20140627]
Label: dasani    Predictions: [0.13072518 0.02324331 0.1370565  0.06875459 0.09409002 0.10180107
 0.17176469 0.05057396 0.13509285 0.08689782]
Label: dasani    Predictions: [0.12499642 0.03661512 0.14526667 0.05977877 0.14040327 0.09646944
 0.09758586 0.05957533 0.10097139 0.13833773]
Label: dasani    Predictions: [0.11108822 0.02683184 0.13046694 0.0778847  0.11324926 0.09517571
 0.15330268 0.05952278 0.13521664 0.09726122]
Label: dasani    Predictions: [0.05585945 0.03051159 0.17367266 0.03038511 0.05758978 0.21065468
 0.12055624 0.07461175 0.12634829 0.11981044]
Label: dasani    Predictions: [0.10943069 0.03741534 0.14694019 0.05190598 0.11026768 0.10448615
 0.14876857 0.06031743 0.1152176  0.11525034]
Label: dasani    Predictions: [0.06855948 0.04438705 0.19070639 0.03364848 0.06433884 0.1596818
 0.0926045  0.09987106 0.10049344 0.14570901]
Label: dasani    Predictions: [0.11414238 0.01491739 0.13534135 0.03940767 0.09015083 0.14953022
 0.12689324 0.06053912 0.11133241 0.15774544]
Label: dasani    Predictions: [0.11798768 0.03950396 0.15736732 0.05510956 0.1068233  0.09964728
 0.13956487 0.06561807 0.11260784 0.10577016]
Label: dasani    Predictions: [0.07249149 0.04148998 0.18272096 0.04452488 0.08056486 0.13290279
 0.13894786 0.07529387 0.0845489  0.1465144 ]
Label: dasani    Predictions: [0.07355051 0.02773683 0.21190886 0.04438822 0.06460043 0.16597167
 0.12523158 0.05849385 0.09032771 0.13779034]
Label: dasani    Predictions: [0.06086952 0.03443002 0.18183073 0.03076023 0.05793664 0.19205348
 0.10494333 0.08289204 0.1119743  0.1423097 ]
Label: dasani    Predictions: [0.05945483 0.03429007 0.1774839  0.02827616 0.07353061 0.18499929
 0.11741289 0.0774783  0.09781479 0.14925916]
Label: dasani    Predictions: [0.13991274 0.0228579  0.14258613 0.05333126 0.09689713 0.11200731
 0.13518272 0.06203538 0.13373448 0.10145498]
Label: dasani    Predictions: [0.10059781 0.02799554 0.14140663 0.05778319 0.10755327 0.11260571
 0.16558805 0.0790356  0.08712723 0.12030696]
Label: dasani    Predictions: [0.14224912 0.02470354 0.1652475  0.04713094 0.11185264 0.09669532
 0.15555379 0.07424381 0.08830488 0.0940185 ]
Label: glue    Predictions: [0.09071826 0.03605862 0.14573717 0.06039597 0.12962195 0.13007207
 0.11684205 0.07534852 0.10484843 0.11035695]
Label: glue    Predictions: [0.09440278 0.04151704 0.12604474 0.04942106 0.07920168 0.11572464
 0.13069563 0.07742357 0.12315401 0.16241488]
Label: glue    Predictions: [0.07692987 0.03477667 0.13370009 0.05871536 0.13418545 0.11168227
 0.1330476  0.05632426 0.13231832 0.1283201 ]
Label: glue    Predictions: [0.07941855 0.03411387 0.14483336 0.05015782 0.12953585 0.10909899
 0.13462597 0.0518058  0.14197993 0.12442981]
Label: glue    Predictions: [0.09485327 0.032059   0.20051125 0.08595043 0.11375778 0.09276928
 0.10237013 0.05639355 0.11458731 0.10674807]
Label: glue    Predictions: [0.11150225 0.04443956 0.11685123 0.06188522 0.09536658 0.10841281
 0.12259962 0.09075218 0.09808242 0.15010816]
Label: glue    Predictions: [0.11270495 0.0299392  0.23362514 0.03982158 0.05140604 0.11624315
 0.08601409 0.03374229 0.17322734 0.12327612]
Label: glue    Predictions: [0.10775713 0.04204077 0.13553332 0.04760102 0.06160732 0.08847228
 0.11827056 0.07475579 0.12545854 0.19850326]
Label: glue    Predictions: [0.08515384 0.04241369 0.18395495 0.0583804  0.1021342  0.09211966
 0.15226677 0.05644045 0.09370072 0.1334353 ]
Label: glue    Predictions: [0.12241548 0.03674677 0.11290584 0.05805638 0.09429333 0.11523628
 0.10769415 0.08230305 0.11514121 0.1552075 ]
Label: glue    Predictions: [0.09991186 0.04684106 0.13495083 0.07010464 0.08322082 0.12616234
 0.1277901  0.07007941 0.1285729  0.11236612]
Label: glue    Predictions: [0.10170317 0.02248501 0.18109445 0.0575154  0.09742747 0.1521754
 0.07557762 0.0558123  0.10066278 0.15554643]
Label: glue    Predictions: [0.12701926 0.01852599 0.16718331 0.05401401 0.08256502 0.12328967
 0.07672025 0.05939893 0.11777519 0.17350835]
Label: glue    Predictions: [0.0618377  0.02682124 0.14886217 0.0600521  0.07872672 0.16553025
 0.15923297 0.04753903 0.11044962 0.14094825]
Label: glue    Predictions: [0.0539795  0.0496932  0.17629598 0.04342012 0.07173013 0.1542598
 0.1410147  0.04039532 0.08815554 0.18105577]
Label: glue    Predictions: [0.08390229 0.04505013 0.10032482 0.05522225 0.0822519  0.169563
 0.13328817 0.06836811 0.10432097 0.15770839]
Label: glue    Predictions: [0.09328824 0.03192011 0.12327313 0.05787309 0.13523161 0.16665281
 0.1104318  0.06650076 0.10739124 0.10743723]
Label: glue    Predictions: [0.09377312 0.03786753 0.13337135 0.05671217 0.09722974 0.11486796
 0.1514895  0.06105546 0.1214438  0.1321894 ]
Label: glue    Predictions: [0.10831259 0.03547637 0.1727623  0.08038723 0.11117904 0.07612266
 0.08690429 0.07505577 0.12319181 0.13060789]
Label: glue    Predictions: [0.09549576 0.04083227 0.2530377  0.04595487 0.05465801 0.14924465
 0.07919471 0.03623454 0.12254053 0.12280703]
Label: spray_bottle    Predictions: [0.10816974 0.04050289 0.134464   0.04556077 0.09497519 0.07612178
 0.1835375  0.07827456 0.07826163 0.16013195]
Label: spray_bottle    Predictions: [0.11203051 0.02969972 0.127207   0.05884049 0.11890425 0.12854008
 0.0932098  0.05466248 0.09900972 0.17789592]
Label: spray_bottle    Predictions: [0.11350626 0.03383188 0.10786609 0.04054132 0.12574479 0.12455904
 0.12218657 0.092058   0.10099039 0.13871561]
Label: spray_bottle    Predictions: [0.12089784 0.04210693 0.15538058 0.05507084 0.10333584 0.08672008
 0.1347811  0.06231509 0.08768124 0.1517105 ]
Label: spray_bottle    Predictions: [0.12787065 0.04105025 0.10115443 0.06869439 0.10049623 0.07640802
 0.18947051 0.06941138 0.13135403 0.09409016]
Label: spray_bottle    Predictions: [0.09442253 0.02890454 0.13602357 0.05177213 0.12803015 0.10089944
 0.11225181 0.06754842 0.1293356  0.15081175]
Label: spray_bottle    Predictions: [0.10749092 0.03657468 0.13979226 0.04547936 0.12318166 0.14870347
 0.11088548 0.05776254 0.06924412 0.16088553]
Label: spray_bottle    Predictions: [0.10606171 0.02948925 0.12752327 0.05330088 0.12126334 0.14219438
 0.10862965 0.060838   0.0875069  0.16319267]
Label: spray_bottle    Predictions: [0.1241796  0.03638813 0.13874729 0.0419586  0.11057465 0.12498412
 0.12077454 0.05984951 0.07101606 0.17152749]
Label: spray_bottle    Predictions: [0.09369324 0.02301194 0.16749987 0.0497227  0.08007912 0.07573012
 0.11074883 0.08578841 0.15429644 0.15942933]
Label: spray_bottle    Predictions: [0.12015533 0.0288103  0.12078059 0.05710597 0.13543327 0.10518603
 0.14279109 0.05319805 0.09613336 0.14040604]
Label: spray_bottle    Predictions: [0.12951957 0.02237015 0.10874651 0.06844176 0.12907982 0.08815829
 0.14489162 0.07356896 0.08304413 0.15217914]
Label: spray_bottle    Predictions: [0.12787065 0.04105025 0.10115443 0.06869439 0.10049623 0.07640802
 0.18947051 0.06941138 0.13135403 0.09409016]
Label: spray_bottle    Predictions: [0.11871464 0.0290308  0.11273819 0.0716401  0.12207627 0.07419199
 0.14457572 0.07699559 0.08947551 0.1605613 ]
Label: spray_bottle    Predictions: [0.13225257 0.0294968  0.11381564 0.05463103 0.13115205 0.09747115
 0.17030716 0.06084008 0.07622573 0.13380781]
Label: spray_bottle    Predictions: [0.09899385 0.03866081 0.1756792  0.08724563 0.0944465  0.07883589
 0.11526292 0.06540862 0.15771422 0.08775235]
Label: spray_bottle    Predictions: [0.14995573 0.0501246  0.10200512 0.07844228 0.11538538 0.09351622
 0.15064679 0.04969744 0.09523037 0.11499602]
Label: spray_bottle    Predictions: [0.08694077 0.0174544  0.12419806 0.05223415 0.09231153 0.10542546
 0.09976816 0.07533224 0.18182436 0.16451077]
Label: spray_bottle    Predictions: [0.10538254 0.02553821 0.16229278 0.04496471 0.07494427 0.09089724
 0.12161277 0.09540137 0.13648985 0.14247626]
Label: spray_bottle    Predictions: [0.09675578 0.02531168 0.20191924 0.05718779 0.10039119 0.06539408
 0.16575158 0.05761722 0.07780658 0.15186487]
Label: toothbrushes    Predictions: [0.09091493 0.03952896 0.14914198 0.03446195 0.08259316 0.17391673
 0.15512368 0.05232754 0.07649969 0.14549145]
Label: toothbrushes    Predictions: [0.08704033 0.03546579 0.11649254 0.02857307 0.09072736 0.16243728
 0.1882271  0.06622901 0.06944199 0.1553656 ]
Label: toothbrushes    Predictions: [0.0744555  0.03905219 0.14859176 0.03839595 0.07369371 0.19947816
 0.14685914 0.05451956 0.08926053 0.13569355]
Label: toothbrushes    Predictions: [0.08723297 0.04306661 0.19083278 0.03671788 0.09065665 0.1389072
 0.12149056 0.04461749 0.11159566 0.13488226]
Label: toothbrushes    Predictions: [0.08712737 0.04522235 0.19241974 0.03606309 0.09894901 0.13029598
 0.13475087 0.04498492 0.11026126 0.1199254 ]
Label: toothbrushes    Predictions: [0.09755369 0.03531194 0.22682771 0.03956362 0.08736619 0.11214725
 0.10781407 0.06014349 0.09103997 0.14223205]
Label: toothbrushes    Predictions: [0.06505598 0.04613421 0.15784316 0.0466307  0.06645688 0.12681118
 0.12128346 0.03430483 0.10694998 0.22852959]
Label: toothbrushes    Predictions: [0.10775347 0.04290027 0.17604542 0.03578748 0.09031729 0.157349
 0.10604826 0.05179029 0.13721116 0.09479732]
Label: toothbrushes    Predictions: [0.10126349 0.0439989  0.19889009 0.05373779 0.06949451 0.12212838
 0.11400399 0.03812962 0.1281942  0.13015896]
Label: toothbrushes    Predictions: [0.06972428 0.02671805 0.24563865 0.02962787 0.05286273 0.17112455
 0.11930946 0.04206921 0.11162139 0.13130386]
Label: toothbrushes    Predictions: [0.08712737 0.04522235 0.19241974 0.03606309 0.09894901 0.13029598
 0.13475087 0.04498492 0.11026126 0.1199254 ]
Label: toothbrushes    Predictions: [0.09199347 0.05095994 0.21759224 0.03966269 0.07638363 0.12579037
 0.12101802 0.06089604 0.09440916 0.1212944 ]
Label: toothbrushes    Predictions: [0.08712737 0.04522235 0.19241974 0.03606309 0.09894901 0.13029598
 0.13475087 0.04498492 0.11026126 0.1199254 ]
Label: toothbrushes    Predictions: [0.09945232 0.04168675 0.19092883 0.02794856 0.06314946 0.10236467
 0.14175458 0.06391799 0.12013893 0.1486579 ]
Label: toothbrushes    Predictions: [0.06392836 0.04970596 0.12078047 0.05934225 0.06749055 0.10297223
 0.13811396 0.05148269 0.13703874 0.20914482]
Label: toothbrushes    Predictions: [0.06096302 0.03750649 0.12999439 0.04131287 0.1289949  0.10096309
 0.20052241 0.07081899 0.09056567 0.13835827]
Label: toothbrushes    Predictions: [0.0886012  0.04620397 0.22821169 0.02537098 0.07183201 0.12825535
 0.13553454 0.06068725 0.09158874 0.12371425]
Label: toothbrushes    Predictions: [0.09898099 0.04716255 0.1931877  0.03580849 0.07091682 0.0911429
 0.11426423 0.06850319 0.1454464  0.13458672]
Label: toothbrushes    Predictions: [0.12280198 0.03787259 0.20552    0.02721518 0.09324513 0.12685743
 0.09908935 0.05213375 0.1261407  0.10912377]
Label: toothbrushes    Predictions: [0.08077554 0.03377209 0.12696794 0.02803689 0.09342354 0.1428921
 0.18671906 0.06690107 0.11186228 0.12864946]
Label: toothpaste    Predictions: [0.0811892  0.03725296 0.15141991 0.06164493 0.1038774  0.13623966
 0.13191018 0.05927721 0.08952329 0.14766525]
Label: toothpaste    Predictions: [0.08356084 0.03374476 0.15224339 0.06329227 0.09140126 0.12364949
 0.1449016  0.05634786 0.09178124 0.15907733]
Label: toothpaste    Predictions: [0.08000171 0.04315691 0.09182168 0.05065981 0.11163353 0.17239806
 0.16088997 0.05295043 0.08690909 0.14957872]
Label: toothpaste    Predictions: [0.08000171 0.04315691 0.09182168 0.05065981 0.11163353 0.17239806
 0.16088997 0.05295043 0.08690909 0.14957872]
Label: toothpaste    Predictions: [0.10660005 0.04327311 0.12855239 0.02738507 0.15880686 0.15017955
 0.11365028 0.05270056 0.07321814 0.145634  ]
Label: toothpaste    Predictions: [0.09440717 0.05565634 0.14152417 0.03022011 0.14249174 0.15101004
 0.12073093 0.05747035 0.05452052 0.15196864]
Label: toothpaste    Predictions: [0.07978631 0.02558087 0.13595845 0.03812311 0.107423   0.08172239
 0.1288878  0.05995357 0.11168113 0.2308834 ]
Label: toothpaste    Predictions: [0.09177139 0.05086459 0.15346882 0.02922167 0.14662342 0.12466696
 0.12976708 0.07044785 0.07764716 0.12552106]
Label: toothpaste    Predictions: [0.08477278 0.04327976 0.09232151 0.04975054 0.10984079 0.17059426
 0.16164163 0.05243594 0.09363283 0.14172998]
Label: toothpaste    Predictions: [0.08352892 0.04164939 0.10251874 0.04366216 0.12168053 0.14983194
 0.15218726 0.06151031 0.1010417  0.14238901]
Label: toothpaste    Predictions: [0.08000171 0.04315691 0.09182168 0.05065981 0.11163353 0.17239806
 0.16088997 0.05295043 0.08690909 0.14957872]
Label: toothpaste    Predictions: [0.1212652  0.03136297 0.14593121 0.03891348 0.05463494 0.1396916
 0.08884491 0.07197478 0.18013082 0.12725013]
Label: toothpaste    Predictions: [0.14566223 0.02746243 0.1807029  0.04382614 0.08404046 0.10933329
 0.09098105 0.05734731 0.1409298  0.1197144 ]
Label: toothpaste    Predictions: [0.08000171 0.04315691 0.09182168 0.05065981 0.11163353 0.17239806
 0.16088997 0.05295043 0.08690909 0.14957872]
Label: toothpaste    Predictions: [0.08162387 0.03111892 0.1480794  0.05017591 0.11162087 0.13773234
 0.1119948  0.04916236 0.10902143 0.1694701 ]
Label: toothpaste    Predictions: [0.0904642  0.03133662 0.13458262 0.03728093 0.12984924 0.09677476
 0.13349836 0.05409714 0.11549833 0.17661777]
Label: toothpaste    Predictions: [0.07677075 0.03263679 0.15225552 0.04524142 0.08317406 0.09502874
 0.1978149  0.08668749 0.08638988 0.14400044]
Label: toothpaste    Predictions: [0.09485969 0.03712672 0.1259436  0.04062098 0.1288924  0.10754114
 0.1122836  0.06177393 0.10520245 0.18575549]
Label: toothpaste    Predictions: [0.07931612 0.03257592 0.13563807 0.03361609 0.07985981 0.08932217
 0.18847738 0.09281822 0.09529479 0.1730814 ]
Label: toothpaste    Predictions: [0.08457183 0.02674916 0.14678858 0.05975871 0.06772989 0.1542705
 0.13527036 0.06479982 0.11836199 0.14169917]
Label: watermelon    Predictions: [0.10266909 0.03886663 0.10589738 0.07353587 0.07630451 0.09699389
 0.08978879 0.10962348 0.10164935 0.204671  ]
Label: watermelon    Predictions: [0.10437037 0.04157674 0.15212028 0.04552962 0.08078773 0.1171082
 0.12583219 0.08266746 0.08818571 0.16182165]
Label: watermelon    Predictions: [0.09145337 0.03220774 0.12261867 0.05805876 0.06781743 0.10455059
 0.09580682 0.11457058 0.12063703 0.19227903]
Label: watermelon    Predictions: [0.08433926 0.01735706 0.14967544 0.04151278 0.087767   0.10530676
 0.09052868 0.0694242  0.14237806 0.21171077]
Label: watermelon    Predictions: [0.0619988  0.02993359 0.17705147 0.04272526 0.08490221 0.14263268
 0.12378357 0.05120017 0.13863719 0.14713515]
Label: watermelon    Predictions: [0.0619988  0.02993359 0.17705147 0.04272526 0.08490221 0.14263268
 0.12378357 0.05120017 0.13863719 0.14713515]
Label: watermelon    Predictions: [0.12045009 0.03279828 0.1072586  0.07572793 0.09125792 0.08666553
 0.09493835 0.09473661 0.09544925 0.20071737]
Label: watermelon    Predictions: [0.07226594 0.03080335 0.15166682 0.04140226 0.07853884 0.14291944
 0.12027721 0.0667539  0.13809219 0.15728009]
Label: watermelon    Predictions: [0.10133585 0.04036724 0.10507999 0.07315372 0.07624601 0.09862705
 0.09165082 0.11154891 0.10364848 0.19834194]
Label: watermelon    Predictions: [0.116855   0.03715182 0.15685247 0.05097494 0.09644719 0.10398854
 0.10578355 0.06265268 0.09138728 0.17790651]
Label: watermelon    Predictions: [0.10266909 0.03886663 0.10589738 0.07353587 0.07630451 0.09699389
 0.08978879 0.10962348 0.10164935 0.204671  ]
Label: watermelon    Predictions: [0.07136673 0.03378125 0.14691977 0.035687   0.12779465 0.10139875
 0.1386219  0.04283256 0.1089757  0.19262175]
Label: watermelon    Predictions: [0.06731451 0.02868765 0.15978456 0.03789989 0.09958379 0.16493407
 0.13287807 0.05962135 0.11722608 0.13207   ]
Label: watermelon    Predictions: [0.07895462 0.02035514 0.13010532 0.0345849  0.11826806 0.12170025
 0.11884122 0.04810442 0.13245721 0.19662882]
Label: watermelon    Predictions: [0.10127395 0.03092216 0.1803367  0.02928    0.10866719 0.10517558
 0.10448612 0.06741874 0.08539657 0.18704301]
Label: watermelon    Predictions: [0.06872557 0.03260947 0.16357009 0.0416079  0.08080544 0.15796381
 0.11392161 0.05078198 0.14722042 0.1427937 ]
Label: watermelon    Predictions: [0.1251657  0.02936044 0.14877295 0.0412797  0.10506052 0.09190009
 0.12757751 0.06683829 0.08915632 0.1748885 ]
Label: watermelon    Predictions: [0.11083113 0.02750293 0.14514312 0.0656376  0.09820761 0.08449011
 0.12388666 0.06120408 0.10055894 0.18253784]
Label: watermelon    Predictions: [0.08829895 0.03229568 0.19490503 0.04266877 0.08846536 0.14441149
 0.10954282 0.05231921 0.09311487 0.15397774]
Label: watermelon    Predictions: [0.09539022 0.04351224 0.14362521 0.05629954 0.10997691 0.08698518
 0.10494597 0.08355431 0.09368417 0.18202628]
Label: wipes    Predictions: [0.11731078 0.04145313 0.12613651 0.05711255 0.14319272 0.08672574
 0.1375601  0.05524075 0.10272999 0.13253775]
Label: wipes    Predictions: [0.0715903  0.03661639 0.16209298 0.028255   0.07960545 0.15191953
 0.08444681 0.06775462 0.15163244 0.16608639]
Label: wipes    Predictions: [0.07141265 0.03135443 0.19709995 0.0224299  0.09727699 0.10829109
 0.08617442 0.04067691 0.23453087 0.11075283]
Label: wipes    Predictions: [0.10643025 0.0330781  0.23803179 0.03773774 0.07163616 0.11859533
 0.07482197 0.04912106 0.15702008 0.11352751]
Label: wipes    Predictions: [0.06807221 0.03680729 0.24147323 0.03655781 0.07382669 0.09150078
 0.13097362 0.06170754 0.11650299 0.1425779 ]
Label: wipes    Predictions: [0.07930318 0.03304365 0.19660282 0.02972169 0.09097891 0.139005
 0.08216591 0.04395973 0.13481915 0.17039992]
Label: wipes    Predictions: [0.10138084 0.02101064 0.13251366 0.03012916 0.08546473 0.13378921
 0.13057874 0.08630542 0.12694894 0.15187863]
Label: wipes    Predictions: [0.07263594 0.02889287 0.21271148 0.02138968 0.09081271 0.09921014
 0.09399846 0.03891834 0.23028056 0.11114982]
Label: wipes    Predictions: [0.08055738 0.02364244 0.16420084 0.05388575 0.06720696 0.12507279
 0.13589187 0.06271376 0.16519882 0.12162931]
Label: wipes    Predictions: [0.08338577 0.02645932 0.1681362  0.05584691 0.06578349 0.12887101
 0.12360737 0.06073121 0.15820678 0.12897193]
Label: wipes    Predictions: [0.1360906  0.03306482 0.21685554 0.05398337 0.09768153 0.1228133
 0.10330001 0.04219073 0.10039485 0.0936252 ]
Label: wipes    Predictions: [0.09930766 0.02337378 0.21089537 0.03416264 0.06525532 0.10732275
 0.10934661 0.04395928 0.1935086  0.11286794]
Label: wipes    Predictions: [0.06990059 0.03173495 0.17115442 0.04246249 0.06146097 0.15630662
 0.10335497 0.04840855 0.18538475 0.12983163]
Label: wipes    Predictions: [0.11988652 0.03037411 0.13718829 0.05694408 0.09003206 0.08867987
 0.11574169 0.04829759 0.16370817 0.14914763]
Label: wipes    Predictions: [0.07841039 0.04356228 0.15597315 0.03833232 0.10791832 0.09880039
 0.1487666  0.04785779 0.17217094 0.1082078 ]
Label: wipes    Predictions: [0.07412168 0.03553046 0.13973795 0.02786827 0.07109161 0.19749445
 0.08555483 0.05132092 0.17373186 0.14354795]
Label: wipes    Predictions: [0.0917116  0.0384091  0.21306193 0.03744707 0.07860833 0.11013032
 0.09931358 0.05792184 0.16553849 0.1078577 ]
Label: wipes    Predictions: [0.09769893 0.02682949 0.18633305 0.03882593 0.05020041 0.14010431
 0.09651192 0.05255809 0.14415929 0.16677867]
Label: wipes    Predictions: [0.08984502 0.01689252 0.17513248 0.03967034 0.06572529 0.15171234
 0.09415549 0.05045604 0.17808568 0.13832486]
Label: wipes    Predictions: [0.07263594 0.02889287 0.21271148 0.02138968 0.09081271 0.09921014
 0.09399846 0.03891834 0.23028056 0.11114982]
Label: zoink    Predictions: [0.1095591  0.0337377  0.13262492 0.05232685 0.10474145 0.07786285
 0.10946156 0.05545877 0.1141858  0.21004097]
Label: zoink    Predictions: [0.07089636 0.02628147 0.19861934 0.06265882 0.09522355 0.0865946
 0.14818014 0.06702019 0.09140295 0.15312259]
Label: zoink    Predictions: [0.1088364  0.03576842 0.14363937 0.05709727 0.11415527 0.10565073
 0.12038235 0.06179262 0.10887099 0.14380665]
Label: zoink    Predictions: [0.11657402 0.02655042 0.12910144 0.05322076 0.08396418 0.09001214
 0.12135436 0.05355636 0.0980167  0.22764957]
Label: zoink    Predictions: [0.12049738 0.03065732 0.14735396 0.05404025 0.09947667 0.13617109
 0.12158338 0.04983308 0.14146864 0.09891819]
Label: zoink    Predictions: [0.10496748 0.02472034 0.1302965  0.05807571 0.12156109 0.07131524
 0.12209141 0.05318586 0.12588865 0.18789776]
Label: zoink    Predictions: [0.10558908 0.03014616 0.14711268 0.06229632 0.10104457 0.13593051
 0.12544882 0.04033121 0.13835491 0.11374576]
Label: zoink    Predictions: [0.10653596 0.03496592 0.13146439 0.06937796 0.11332671 0.12328564
 0.12126639 0.06174316 0.10174616 0.13628776]
Label: zoink    Predictions: [0.14596009 0.03284512 0.13753578 0.04846784 0.08276699 0.07805894
 0.13262825 0.06070326 0.1071375  0.1738963 ]
Label: zoink    Predictions: [0.08275177 0.02894047 0.21645413 0.06338317 0.08675493 0.10059538
 0.13291869 0.06189129 0.0828255  0.14348471]
Label: zoink    Predictions: [0.11640934 0.03975516 0.14228821 0.076511   0.10503943 0.07016344
 0.12530845 0.06267451 0.10475322 0.15709718]
Label: zoink    Predictions: [0.09700628 0.02851048 0.10750975 0.05929752 0.09546357 0.08417147
 0.12517245 0.04837554 0.08230658 0.2721864 ]
Label: zoink    Predictions: [0.10496748 0.02472034 0.1302965  0.05807571 0.12156109 0.07131524
 0.12209141 0.05318586 0.12588865 0.18789776]
Label: zoink    Predictions: [0.10496748 0.02472034 0.1302965  0.05807571 0.12156109 0.07131524
 0.12209141 0.05318586 0.12588865 0.18789776]
Label: zoink    Predictions: [0.10653596 0.03496592 0.13146439 0.06937796 0.11332671 0.12328564
 0.12126639 0.06174316 0.10174616 0.13628776]
Label: zoink    Predictions: [0.0905276  0.03030227 0.13459907 0.0558224  0.13617198 0.14726713
 0.08907061 0.0518312  0.09615606 0.16825163]
Label: zoink    Predictions: [0.11204477 0.02432498 0.12210543 0.05490324 0.07448889 0.08842918
 0.11482676 0.06211961 0.10238677 0.24437034]
Label: zoink    Predictions: [0.144238   0.03454746 0.13065585 0.08672805 0.06851282 0.143109
 0.09794912 0.0495998  0.12066354 0.12399636]
Label: zoink    Predictions: [0.11753338 0.03627968 0.13070999 0.06013487 0.09006096 0.10696873
 0.1064365  0.06542774 0.0873447  0.19910339]
Label: zoink    Predictions: [0.10962149 0.0337281  0.20410255 0.04353665 0.05699061 0.13552096
 0.12058572 0.06721477 0.09584263 0.13285653]
