Label: climbing_hold    Predictions: [1.0000000e+00 9.3637842e-10 3.3602555e-15 4.8099802e-17 3.6490824e-11
 9.5133631e-14 8.5685277e-19 5.0544974e-13 2.2268979e-15 2.8312982e-11]
Label: climbing_hold    Predictions: [1.00000000e+00 1.13381015e-11 1.39323222e-16 1.38730152e-18
 1.83532620e-10 4.27142916e-18 3.12673302e-21 2.91208470e-14
 3.47537949e-17 4.84315875e-13]
Label: climbing_hold    Predictions: [1.0000000e+00 2.3659009e-14 2.5644839e-15 4.4455356e-17 3.4155638e-14
 4.3863468e-22 4.4249045e-20 2.4115199e-10 1.4112054e-15 4.5800453e-16]
Label: climbing_hold    Predictions: [1.0000000e+00 1.9728971e-10 2.0931836e-14 4.9303281e-15 1.6301847e-11
 3.6652014e-19 2.9225909e-17 7.7670590e-09 3.2207917e-13 4.7368365e-13]
Label: climbing_hold    Predictions: [1.0000000e+00 4.5566873e-11 1.3151242e-12 1.9245895e-15 8.1302888e-11
 5.6484460e-15 1.2070667e-17 6.0310833e-11 2.6900291e-14 2.8139129e-12]
Label: climbing_hold    Predictions: [1.0000000e+00 6.4185051e-13 9.7346098e-16 1.3508543e-19 1.6428052e-10
 2.2844896e-20 1.5822560e-21 2.2239333e-13 3.7678987e-18 3.6136350e-14]
Label: climbing_hold    Predictions: [1.0000000e+00 1.8877671e-12 2.3507544e-15 1.5740108e-18 1.4538383e-10
 6.9468216e-18 7.7124252e-20 2.6439625e-11 9.4477911e-15 2.3554504e-14]
Label: climbing_hold    Predictions: [1.00000000e+00 1.08050016e-13 1.69122072e-17 7.45517594e-20
 4.83107698e-15 4.59099095e-18 3.31324988e-22 3.72978083e-14
 1.53269924e-19 1.07335558e-14]
Label: climbing_hold    Predictions: [1.0000000e+00 2.7184971e-13 2.5403898e-19 7.8126382e-18 3.9429630e-16
 3.1042338e-22 1.2770439e-24 1.5970996e-15 5.3250361e-17 6.2291848e-17]
Label: climbing_hold    Predictions: [1.0000000e+00 7.2620687e-10 3.1081434e-15 5.2849466e-17 3.2197571e-11
 9.3368178e-14 8.0550083e-19 5.6264412e-13 2.0238118e-15 2.6728845e-11]
Label: climbing_hold    Predictions: [1.0000000e+00 3.8153074e-12 1.5909540e-20 1.7685607e-18 2.5304730e-14
 2.4753291e-20 1.0182508e-21 7.2949418e-14 4.2081275e-18 3.8183573e-16]
Label: climbing_hold    Predictions: [1.0000000e+00 5.1096788e-10 5.8670695e-16 1.7810333e-16 2.3946983e-10
 1.3049228e-15 2.6387587e-18 1.4091668e-11 2.0345403e-15 1.4002984e-11]
Label: climbing_hold    Predictions: [1.0000000e+00 2.4141491e-09 5.8402985e-15 5.7831670e-15 5.5659369e-11
 1.4861835e-19 4.9348583e-17 4.2754897e-10 6.0999437e-14 1.8400843e-12]
Label: climbing_hold    Predictions: [1.0000000e+00 3.6861871e-14 2.3322994e-16 2.5447266e-18 4.4348862e-15
 2.5535777e-24 1.6980422e-23 2.2226580e-12 2.6142518e-18 1.0938281e-15]
Label: climbing_hold    Predictions: [1.00000000e+00 5.37098425e-15 6.17450196e-20 9.01780413e-20
 7.60635502e-15 1.05516773e-22 2.36617177e-25 7.97485924e-15
 9.28382521e-18 1.35671716e-17]
Label: climbing_hold    Predictions: [1.0000000e+00 1.0018562e-14 1.0605283e-19 2.7002313e-19 9.4822357e-15
 5.0872814e-22 1.2604146e-24 6.5441435e-15 2.1544328e-17 2.8072101e-17]
Label: climbing_hold    Predictions: [1.0000000e+00 2.5006391e-14 1.8664825e-19 4.2827013e-19 1.1864750e-14
 1.0901757e-21 4.8699484e-24 8.7772993e-15 2.6991529e-17 2.3702829e-17]
Label: climbing_hold    Predictions: [1.0000000e+00 2.1160919e-11 1.1500920e-17 2.7615491e-17 1.0358644e-15
 4.0373915e-16 1.6954170e-20 1.1381836e-13 1.7584841e-17 1.5396767e-14]
Label: climbing_hold    Predictions: [1.0000000e+00 8.6906166e-13 1.5625603e-18 3.9976902e-20 3.3841567e-15
 1.1995480e-17 1.0685912e-23 2.0418021e-15 5.9820017e-19 3.7699175e-15]
Label: climbing_hold    Predictions: [1.0000000e+00 5.7256835e-09 3.2633630e-15 3.4579927e-15 1.1021444e-11
 9.0836382e-14 8.2102132e-19 3.4304351e-11 3.6721919e-15 4.4048018e-10]
Label: clip    Predictions: [1.6316436e-11 1.0000000e+00 1.5329360e-23 2.8892244e-10 5.4678756e-16
 1.3599865e-25 1.2640270e-22 1.5389438e-20 3.1380416e-18 1.8802392e-19]
Label: clip    Predictions: [3.7673240e-14 1.0000000e+00 1.6845704e-16 3.1268371e-08 2.1740437e-14
 2.8765959e-20 1.0649336e-14 2.5374290e-17 2.3051220e-13 2.7526646e-15]
Label: clip    Predictions: [2.3091283e-07 9.9995863e-01 4.1957389e-11 4.0713181e-05 2.3845715e-07
 2.7336675e-12 1.2504398e-09 4.8397566e-12 5.2913608e-11 7.4728938e-08]
Label: clip    Predictions: [6.2705261e-13 1.0000000e+00 4.0859859e-21 8.7047598e-11 1.6473218e-12
 5.8357567e-22 3.3743080e-15 4.2325339e-18 1.0636709e-14 3.6975204e-16]
Label: clip    Predictions: [3.6651346e-10 1.0000000e+00 1.8536142e-16 3.5463261e-09 2.7750417e-12
 1.0039406e-15 1.3181063e-10 3.2426991e-13 3.3241056e-11 5.3159768e-12]
Label: clip    Predictions: [6.2705261e-13 1.0000000e+00 4.0859859e-21 8.7047598e-11 1.6473218e-12
 5.8357567e-22 3.3743080e-15 4.2325339e-18 1.0636709e-14 3.6975204e-16]
Label: clip    Predictions: [1.1060635e-07 9.9999607e-01 1.2566929e-10 3.5856644e-06 1.5506970e-09
 2.0213053e-10 2.5862270e-09 5.1846327e-10 1.7302031e-07 7.1600459e-09]
Label: clip    Predictions: [1.1224280e-14 1.0000000e+00 2.2786595e-19 2.6154195e-10 6.1897721e-16
 2.0067150e-22 4.5129426e-17 2.8792016e-17 2.2391644e-15 6.5812131e-17]
Label: clip    Predictions: [1.7408813e-12 1.0000000e+00 1.7353427e-22 1.2934195e-12 6.2615137e-17
 7.5230399e-24 2.4235126e-18 2.9064226e-19 5.6082290e-16 1.2900082e-18]
Label: clip    Predictions: [4.8949841e-11 9.9999988e-01 2.2683571e-18 9.1673499e-08 6.4925137e-10
 8.4040869e-17 9.3431935e-14 9.0018354e-17 4.2792402e-11 7.7070325e-15]
Label: clip    Predictions: [6.2705499e-13 1.0000000e+00 4.0859859e-21 8.7047924e-11 1.6473124e-12
 5.8356683e-22 3.3742697e-15 4.2325016e-18 1.0636669e-14 3.6975061e-16]
Label: clip    Predictions: [2.7102640e-14 1.0000000e+00 4.1335642e-22 2.6980697e-11 5.4751629e-15
 6.1300924e-22 1.4482681e-16 1.5534365e-19 9.0149674e-16 2.0798265e-15]
Label: clip    Predictions: [2.94519652e-11 1.00000000e+00 1.74177186e-19 7.72348643e-11
 1.24108545e-11 1.12654269e-20 2.70986327e-16 1.05255325e-17
 4.47897578e-13 1.65682043e-18]
Label: clip    Predictions: [6.2705261e-13 1.0000000e+00 4.0859859e-21 8.7047598e-11 1.6473218e-12
 5.8357567e-22 3.3743080e-15 4.2325339e-18 1.0636709e-14 3.6975204e-16]
Label: clip    Predictions: [3.2683014e-12 1.0000000e+00 7.4628094e-18 1.8055578e-08 3.4009680e-11
 1.5415425e-18 2.5294984e-14 8.0160604e-16 8.8343415e-14 2.7213310e-12]
Label: clip    Predictions: [2.7494432e-11 1.0000000e+00 6.3347907e-17 1.3079959e-10 2.8255416e-15
 3.9706069e-20 4.5613869e-17 5.2211695e-15 2.6947991e-11 1.3998670e-13]
Label: clip    Predictions: [2.8651674e-09 1.0000000e+00 9.9747405e-16 5.6739213e-10 1.1621796e-11
 7.4138101e-17 3.8685862e-13 3.1421206e-14 1.1316372e-10 2.8091830e-12]
Label: clip    Predictions: [4.6613434e-07 9.8364300e-01 3.0719143e-09 1.5523995e-02 2.8670502e-05
 2.1042677e-08 7.0436592e-08 7.4629050e-09 8.0326130e-04 5.5864894e-07]
Label: clip    Predictions: [2.6389598e-14 9.9999976e-01 2.3049990e-20 2.9752761e-07 3.2009267e-15
 1.6975815e-16 1.6239937e-14 6.1113901e-14 5.1485201e-12 3.1923699e-13]
Label: clip    Predictions: [6.2705261e-13 1.0000000e+00 4.0859859e-21 8.7047598e-11 1.6473218e-12
 5.8357567e-22 3.3743080e-15 4.2325339e-18 1.0636709e-14 3.6975204e-16]
Label: dasani    Predictions: [3.4118904e-07 2.6101343e-10 8.6863691e-01 1.3100903e-01 2.8329890e-09
 1.6686206e-09 1.8369879e-10 1.5772290e-09 3.5248333e-04 1.2491083e-06]
Label: dasani    Predictions: [9.9928433e-01 4.4345861e-06 2.0271835e-07 3.3247644e-10 7.1099045e-04
 5.0073503e-13 4.7855858e-11 6.1350649e-09 5.4229160e-10 5.5787037e-09]
Label: dasani    Predictions: [1.2814279e-12 2.6673592e-09 9.9660975e-01 3.3902635e-03 1.7943752e-11
 7.5309932e-11 1.8479154e-08 4.3649786e-14 1.0784219e-09 6.7530816e-15]
Label: dasani    Predictions: [1.6053200e-05 2.3682092e-07 3.6844934e-08 2.5228237e-09 9.9998367e-01
 1.3158165e-14 1.8176453e-09 2.0204101e-09 7.6495364e-13 4.1987497e-11]
Label: dasani    Predictions: [5.8793348e-06 7.3432238e-09 7.7640943e-05 4.4718202e-02 8.6725152e-07
 5.9173630e-07 7.3229296e-07 7.8244767e-08 9.5519406e-01 1.9102665e-06]
Label: dasani    Predictions: [2.2406153e-04 3.1662395e-07 1.4241938e-07 7.1946886e-08 9.9977535e-01
 3.0411435e-13 8.0221181e-09 8.2293433e-08 6.8462749e-11 4.6690768e-10]
Label: dasani    Predictions: [9.9972528e-01 6.2447079e-06 5.0309529e-05 3.1997413e-05 1.8485587e-04
 1.8907839e-11 3.7605278e-07 8.9849686e-07 4.8426050e-09 5.5649658e-09]
Label: dasani    Predictions: [1.7667303e-04 2.4652968e-07 3.2667447e-07 7.0512945e-10 9.9982244e-01
 4.1741415e-12 5.3752860e-08 2.5691935e-07 1.3911165e-11 1.5024618e-10]
Label: dasani    Predictions: [1.2679307e-12 2.6929776e-09 9.9629897e-01 3.7010515e-03 1.9642826e-11
 6.7791182e-11 1.7311994e-08 3.8623395e-14 1.1476883e-09 6.2479437e-15]
Label: dasani    Predictions: [9.9934644e-01 6.4824219e-04 1.2589984e-06 1.8043570e-08 3.8918779e-06
 1.7462456e-09 3.3427284e-08 1.5806827e-07 6.3874611e-10 1.5462772e-08]
Label: dasani    Predictions: [1.8350007e-12 3.1555158e-11 2.6226559e-04 9.9973768e-01 2.7278308e-11
 8.9230912e-13 9.9171482e-10 1.1495719e-12 1.4105300e-09 4.1669879e-15]
Label: dasani    Predictions: [3.7343422e-04 4.2163228e-05 1.0909532e-05 9.8172796e-01 7.2742973e-06
 6.7175057e-04 4.2354013e-04 6.5810781e-07 1.6441789e-02 3.0052275e-04]
Label: dasani    Predictions: [9.9999416e-01 3.4637710e-06 8.9568977e-07 4.4974153e-09 1.0944642e-06
 1.3565407e-10 5.2010146e-10 2.9201485e-07 4.4872036e-12 2.7577753e-09]
Label: dasani    Predictions: [5.2603202e-08 5.3818525e-15 9.9804085e-01 1.8959427e-03 2.6361918e-11
 3.1390873e-11 6.0460708e-13 2.2179375e-10 6.3197491e-05 1.3160127e-11]
Label: dasani    Predictions: [4.1254648e-07 2.1181401e-09 1.3872311e-02 9.8598599e-01 1.1591125e-06
 5.9999827e-08 8.9022724e-05 1.3478902e-09 5.1066050e-05 2.9181226e-09]
Label: dasani    Predictions: [5.5959916e-12 7.7507931e-12 9.1491765e-01 8.5082419e-02 1.0305313e-11
 3.4007325e-11 4.8474535e-09 4.0315909e-14 8.7410784e-10 7.3214597e-15]
Label: dasani    Predictions: [3.0638089e-10 1.7948353e-09 1.4687100e-01 8.5312849e-01 1.4717010e-10
 1.5910644e-09 1.3592122e-10 4.2964143e-13 4.6300431e-07 5.8242094e-14]
Label: dasani    Predictions: [1.9891749e-03 9.9262252e-07 1.3038902e-05 6.0645283e-07 9.9799430e-01
 4.4101577e-11 9.6168094e-07 8.0970460e-07 7.5111203e-08 1.8323657e-09]
Label: dasani    Predictions: [9.8500198e-01 6.0503561e-07 2.8474733e-07 6.5098114e-11 1.4997229e-02
 1.2218167e-11 1.1361599e-10 5.1940705e-09 3.4861842e-12 5.5803504e-12]
Label: dasani    Predictions: [3.0927360e-01 7.2401226e-04 5.3295837e-05 1.4777592e-05 6.8955481e-01
 1.9016682e-11 7.1279976e-07 3.7692313e-04 1.3646829e-06 5.2437997e-07]
Label: glue    Predictions: [6.0932573e-02 6.1778745e-05 1.3323397e-09 9.3877500e-01 4.3568033e-07
 2.2583785e-04 3.1543212e-10 1.5029158e-08 2.3932751e-08 4.3375853e-06]
Label: glue    Predictions: [5.8484604e-03 6.6572852e-02 8.0869142e-09 8.7105334e-01 5.6525245e-02
 1.2217166e-10 2.9583722e-10 4.6252390e-12 5.4284919e-12 3.7702232e-09]
Label: glue    Predictions: [2.9209625e-18 1.3450715e-16 1.1971800e-17 1.0000000e+00 6.4340374e-16
 3.3012838e-18 1.6870702e-18 1.4652538e-19 6.3418270e-17 9.3175667e-18]
Label: glue    Predictions: [4.83353737e-19 1.84776763e-17 1.24167834e-17 1.00000000e+00
 5.64105414e-17 8.23819829e-19 8.24133680e-20 2.89044436e-20
 1.35747295e-17 4.60028019e-19]
Label: glue    Predictions: [6.8552431e-24 3.3060602e-18 1.4593609e-22 1.0000000e+00 1.7127246e-16
 2.8837122e-22 2.4945567e-17 5.4699211e-23 7.1860807e-21 7.3459455e-22]
Label: glue    Predictions: [2.6791924e-05 4.2914358e-08 2.8101290e-11 9.9997187e-01 1.3422151e-06
 1.4238619e-08 4.7965890e-13 1.1884270e-08 2.5472441e-10 6.1065326e-11]
Label: glue    Predictions: [7.9848746e-15 1.7784040e-18 1.1116251e-16 1.0000000e+00 7.2553939e-18
 8.9341444e-15 1.8828465e-17 6.6302999e-17 2.9992293e-13 7.5555866e-19]
Label: glue    Predictions: [1.91680701e-05 1.95987832e-05 7.51777876e-08 2.40144096e-02
 9.75946665e-01 1.22886736e-11 2.91158514e-10 2.05503370e-09
 5.81991415e-08 9.38784162e-09]
Label: glue    Predictions: [2.0017669e-02 7.3861942e-05 3.1498473e-07 9.7988838e-01 1.2898673e-05
 1.1970467e-08 3.4185459e-09 1.0281829e-10 1.5897899e-09 6.7706169e-06]
Label: glue    Predictions: [2.8315268e-08 7.1086577e-09 5.3677973e-10 9.9999905e-01 9.3239032e-07
 1.6650720e-10 1.9602900e-12 1.3573161e-10 1.2109341e-11 5.3878017e-13]
Label: glue    Predictions: [9.9855024e-01 7.1728670e-07 8.1935534e-09 1.4470058e-03 5.5317514e-07
 7.2477769e-07 8.3548741e-12 6.1095545e-10 8.0273510e-10 6.6578571e-07]
Label: glue    Predictions: [1.6820403e-16 8.6932822e-10 1.9063514e-15 1.0000000e+00 4.8138841e-12
 2.5233192e-15 1.1981162e-10 2.8401491e-17 3.3824787e-15 1.2720578e-13]
Label: glue    Predictions: [2.4975834e-18 1.5338930e-11 1.3715603e-14 1.0000000e+00 3.1680469e-13
 4.2521504e-17 3.2142190e-13 6.4736220e-17 9.9612038e-16 4.3468308e-17]
Label: glue    Predictions: [9.8053410e-10 1.2294822e-10 6.6264427e-10 1.0000000e+00 9.2386125e-09
 2.8506637e-08 1.7724123e-12 4.6722058e-12 3.9186496e-08 1.9160089e-10]
Label: glue    Predictions: [6.0305105e-10 2.2970386e-12 1.3343784e-11 1.0000000e+00 2.7927606e-12
 1.2279384e-13 6.3561234e-15 7.4557924e-15 8.2444246e-11 2.3636784e-13]
Label: glue    Predictions: [1.39991611e-01 2.50048848e-04 1.82241777e-07 8.59602869e-01
 6.12901276e-05 9.40178725e-05 1.07366685e-11 1.01512416e-08
 6.95874088e-12 3.14271880e-08]
Label: glue    Predictions: [2.5476874e-03 2.0685241e-06 1.2090223e-11 9.9744958e-01 1.4431255e-09
 6.2315121e-07 1.8872202e-12 2.9197886e-10 2.1674917e-09 3.8925709e-08]
Label: glue    Predictions: [1.3916807e-04 3.9332066e-05 6.5045858e-11 9.9980384e-01 1.7596998e-05
 4.0205482e-12 4.3551323e-09 5.7260147e-12 5.7461566e-12 2.8501901e-09]
Label: glue    Predictions: [8.0592989e-22 2.0842245e-17 1.8198268e-19 1.0000000e+00 9.5671372e-17
 8.8735235e-21 4.6401010e-16 9.6779993e-23 9.4256726e-18 2.6444395e-20]
Label: glue    Predictions: [3.7900091e-12 2.1319430e-16 3.8403352e-12 1.0000000e+00 4.8316088e-16
 7.6948647e-13 5.7544242e-16 7.8147954e-15 1.2395827e-08 1.6369270e-15]
Label: spray_bottle    Predictions: [9.9996042e-01 1.1708415e-06 4.3975509e-10 5.0916369e-09 3.8329268e-05
 3.8638370e-14 3.7697842e-14 1.5829192e-08 5.5696116e-12 4.5394597e-08]
Label: spray_bottle    Predictions: [1.10347955e-05 1.15926335e-09 1.44156242e-10 2.69895245e-10
 9.99988914e-01 5.57915866e-12 4.79835283e-10 5.38871632e-08
 2.63738024e-11 5.82858650e-10]
Label: spray_bottle    Predictions: [1.28937420e-04 2.75621431e-07 4.64302366e-06 8.79565268e-05
 9.99766409e-01 1.28332175e-07 1.16442325e-05 2.04838979e-10
 2.35165845e-11 4.68828576e-09]
Label: spray_bottle    Predictions: [1.0000000e+00 1.5404907e-10 2.8020713e-12 1.6495425e-11 2.3924944e-09
 5.0063576e-18 5.2576969e-18 1.1945611e-10 3.9872979e-15 2.1468843e-10]
Label: spray_bottle    Predictions: [9.9960774e-01 1.8119226e-04 1.6655023e-11 2.4486904e-09 2.1087134e-04
 5.1495868e-15 3.4413988e-16 7.4886165e-12 3.2072885e-13 1.5407936e-07]
Label: spray_bottle    Predictions: [3.8154289e-09 7.4549665e-11 1.8063824e-10 2.8510451e-07 9.9999976e-01
 9.3235435e-13 5.4083200e-11 2.6025689e-11 4.7810578e-13 6.6998022e-12]
Label: spray_bottle    Predictions: [4.3725930e-09 2.4344251e-09 1.4267066e-09 1.9386110e-08 1.0000000e+00
 3.1467420e-12 8.9706438e-09 4.6718164e-11 1.4484506e-12 6.9303794e-12]
Label: spray_bottle    Predictions: [1.8987990e-08 5.0318349e-09 2.4732791e-10 8.4006160e-08 9.9999988e-01
 1.6633765e-12 3.7324730e-09 4.2999892e-11 1.6686729e-13 4.3447571e-10]
Label: spray_bottle    Predictions: [2.5782043e-09 2.5321547e-09 1.4278078e-11 2.4717986e-10 1.0000000e+00
 4.8138104e-12 4.4313692e-11 4.4513056e-13 8.6911428e-14 9.0088236e-14]
Label: spray_bottle    Predictions: [1.6114901e-08 9.9665024e-13 1.2691769e-12 3.3627081e-13 1.0000000e+00
 4.0292831e-16 4.9329242e-15 7.7110851e-09 1.2089349e-14 4.3003648e-12]
Label: spray_bottle    Predictions: [9.9999964e-01 2.8084990e-10 7.8690582e-11 5.5999916e-14 3.9015382e-07
 2.8042137e-16 3.9844475e-18 4.6969834e-11 2.0674553e-14 1.1500847e-10]
Label: spray_bottle    Predictions: [9.9999213e-01 7.6580372e-06 5.1958039e-12 6.7187609e-14 2.2862368e-07
 6.3191020e-17 4.4902588e-16 4.5130195e-13 8.4185534e-14 6.2098486e-09]
Label: spray_bottle    Predictions: [9.9960774e-01 1.8119226e-04 1.6655023e-11 2.4486904e-09 2.1087134e-04
 5.1495868e-15 3.4413988e-16 7.4886165e-12 3.2072885e-13 1.5407936e-07]
Label: spray_bottle    Predictions: [9.9739408e-01 1.0438225e-04 3.1304959e-11 7.4543392e-12 2.5014712e-03
 5.5331071e-17 7.3876460e-15 1.2983208e-12 6.8383033e-13 2.0127974e-08]
Label: spray_bottle    Predictions: [9.9974316e-01 3.0154874e-09 2.9460115e-12 2.0106191e-12 2.5687538e-04
 6.2925834e-18 8.2428800e-17 4.7816026e-12 7.3962383e-15 2.4201013e-10]
Label: spray_bottle    Predictions: [9.9999952e-01 2.2800927e-08 1.8951557e-11 5.0556379e-11 3.7529313e-07
 5.5071277e-14 5.0327483e-15 8.5280057e-08 1.3789588e-11 1.8036458e-09]
Label: spray_bottle    Predictions: [9.9999845e-01 8.1193826e-07 7.9313487e-13 5.0999070e-13 6.8579720e-07
 4.9496574e-14 2.4256491e-15 7.7019231e-11 5.3098454e-13 7.2490630e-10]
Label: spray_bottle    Predictions: [1.05630287e-08 6.39315820e-15 7.18826803e-15 5.84265460e-17
 1.00000000e+00 1.32059046e-17 7.23973433e-21 9.55228344e-12
 3.24433339e-16 6.97114521e-16]
Label: spray_bottle    Predictions: [2.9012588e-09 2.9944939e-11 7.9558192e-12 2.9509923e-12 1.0000000e+00
 3.1211684e-13 7.3551489e-09 6.6374386e-09 3.1946180e-13 2.6851941e-11]
Label: spray_bottle    Predictions: [1.2074205e-05 6.6373937e-09 4.4418258e-10 8.7804222e-11 9.9998748e-01
 8.1404085e-12 3.5427730e-09 4.5618401e-07 2.1911648e-09 1.5484788e-09]
Label: toothbrushes    Predictions: [3.6201905e-07 1.3716375e-06 2.6893826e-08 9.1213447e-01 4.1172257e-10
 1.8970370e-02 4.3566546e-05 7.9134389e-07 6.8847150e-02 1.9527536e-06]
Label: toothbrushes    Predictions: [4.5098264e-07 7.3447886e-08 2.3335911e-08 3.9129516e-01 1.3323795e-08
 5.9973562e-01 6.3808896e-03 2.4506585e-06 2.5344661e-03 5.0779283e-05]
Label: toothbrushes    Predictions: [4.1146664e-10 6.1316484e-08 2.1372735e-09 7.2291052e-01 1.2696093e-11
 2.7704948e-01 1.6275981e-05 6.3930599e-09 2.3646413e-05 2.1713231e-10]
Label: toothbrushes    Predictions: [1.91564639e-10 1.74354298e-11 7.93323653e-12 9.79975283e-01
 3.10680106e-12 2.00247150e-02 1.64006246e-13 2.30841756e-12
 2.43661304e-08 1.12389455e-11]
Label: toothbrushes    Predictions: [8.4163759e-11 2.0586061e-12 1.5305361e-11 9.9785918e-01 3.1429097e-13
 2.1407725e-03 3.5759510e-16 2.6812974e-14 3.5623263e-10 1.0096939e-13]
Label: toothbrushes    Predictions: [2.6639850e-07 1.9920735e-10 5.6223939e-08 6.7297518e-01 3.6689857e-13
 3.2702240e-01 1.1326902e-13 2.9915658e-12 2.0908512e-06 7.2650841e-09]
Label: toothbrushes    Predictions: [3.6845036e-02 1.4347072e-09 5.9587567e-08 4.0722309e-05 5.7139323e-07
 8.2545817e-01 3.6092518e-11 8.0342937e-07 1.3764973e-01 4.9542787e-06]
Label: toothbrushes    Predictions: [3.0686575e-13 1.0462849e-09 1.6535043e-13 1.5242784e-01 5.0085152e-08
 8.0697256e-01 8.7045279e-08 7.2768874e-12 4.0599402e-02 1.3306164e-09]
Label: toothbrushes    Predictions: [7.1350591e-08 2.7898849e-12 2.5839509e-11 5.2930065e-09 3.3775337e-11
 9.9999011e-01 8.8501506e-12 5.7665743e-12 6.1690348e-06 3.5920916e-06]
Label: toothbrushes    Predictions: [1.9568840e-07 2.8717992e-10 2.8003947e-07 6.2322356e-03 1.3826839e-12
 9.9376041e-01 6.3015468e-06 7.4132380e-09 5.3051821e-07 8.6971461e-08]
Label: toothbrushes    Predictions: [8.4163759e-11 2.0586061e-12 1.5305361e-11 9.9785918e-01 3.1429097e-13
 2.1407725e-03 3.5759510e-16 2.6812974e-14 3.5623263e-10 1.0096939e-13]
Label: toothbrushes    Predictions: [3.7298193e-08 1.0248599e-09 2.0732011e-10 1.7307838e-03 2.7849332e-13
 9.8576999e-01 8.3425188e-13 9.9336138e-12 1.2499137e-02 1.8245613e-10]
Label: toothbrushes    Predictions: [8.4163759e-11 2.0586061e-12 1.5305361e-11 9.9785918e-01 3.1429097e-13
 2.1407725e-03 3.5759510e-16 2.6812974e-14 3.5623263e-10 1.0096939e-13]
Label: toothbrushes    Predictions: [1.1544805e-06 1.1694295e-07 1.5191418e-06 8.1248470e-03 1.1431215e-10
 9.7650313e-01 1.5976470e-08 6.2720529e-10 1.5340106e-02 2.9157538e-05]
Label: toothbrushes    Predictions: [1.3767260e-04 1.3891197e-09 3.8804346e-09 7.1937159e-02 3.6619305e-09
 9.2791665e-01 1.3440278e-13 2.2655020e-09 6.8028230e-06 1.6932694e-06]
Label: toothbrushes    Predictions: [4.5396988e-09 3.5642154e-09 5.7153846e-07 9.0956110e-01 8.0261076e-10
 7.8761488e-02 1.0379234e-02 3.3902601e-09 1.2976276e-03 2.2369879e-11]
Label: toothbrushes    Predictions: [1.6384394e-08 2.6827927e-05 7.8257875e-07 1.3752971e-02 8.2404368e-11
 9.8609251e-01 7.4634750e-05 5.0806143e-10 5.2219460e-05 1.0763429e-07]
Label: toothbrushes    Predictions: [7.8954588e-07 2.0704444e-08 6.9533999e-04 1.1938861e-01 1.9099494e-08
 8.7987447e-01 1.4441269e-05 1.2601295e-10 2.6254183e-05 3.7441882e-08]
Label: toothbrushes    Predictions: [1.2357885e-06 3.4992388e-06 2.2597588e-08 5.9387246e-03 9.7608828e-09
 8.1839889e-06 2.8337283e-05 1.8949063e-07 9.9401975e-01 6.3578455e-08]
Label: toothbrushes    Predictions: [1.3771631e-13 6.9387530e-12 3.3050798e-09 9.9998868e-01 2.7670702e-13
 4.7382905e-06 6.4998330e-06 1.0514962e-09 8.9925436e-08 1.9391896e-14]
Label: toothpaste    Predictions: [2.0908521e-15 3.7646234e-14 1.3963913e-18 2.3020607e-12 1.3498477e-11
 1.3977044e-15 1.0000000e+00 3.7118438e-12 1.7079227e-16 4.1370597e-14]
Label: toothpaste    Predictions: [7.97183569e-18 6.38764324e-13 5.18745889e-15 4.76669104e-09
 1.07766816e-13 3.29861728e-17 1.00000000e+00 2.97698335e-14
 8.79887899e-17 3.51662960e-16]
Label: toothpaste    Predictions: [1.5094387e-10 2.2073261e-06 3.4006622e-02 9.2184097e-02 1.5006448e-03
 1.3922227e-08 8.7230515e-01 9.9438580e-07 1.9774771e-07 1.3197960e-11]
Label: toothpaste    Predictions: [1.5094290e-10 2.2072679e-06 3.4006238e-02 9.2183501e-02 1.5006093e-03
 1.3922137e-08 8.7230617e-01 9.9437273e-07 1.9774265e-07 1.3197999e-11]
Label: toothpaste    Predictions: [7.68397151e-12 2.01432485e-13 3.85725792e-11 1.98700972e-10
 8.46135228e-12 2.79564425e-08 1.00000000e+00 3.65811026e-09
 1.11426175e-08 1.03747028e-11]
Label: toothpaste    Predictions: [6.66051812e-04 7.48358797e-09 9.88270403e-06 1.01333946e-07
 6.42078192e-07 1.47452331e-04 9.89959598e-01 1.25019389e-04
 9.07695759e-03 1.42320860e-05]
Label: toothpaste    Predictions: [5.1753008e-04 1.7118035e-03 1.9601494e-07 1.9625109e-04 1.2690865e-02
 4.9465720e-04 9.3549907e-01 8.6646913e-05 8.1683880e-05 4.8721325e-02]
Label: toothpaste    Predictions: [5.6878143e-08 4.8888166e-10 4.0059248e-08 2.5725033e-10 8.5816660e-09
 1.2075336e-07 9.9799097e-01 7.7390246e-07 2.0079699e-03 3.7544570e-08]
Label: toothpaste    Predictions: [1.8556983e-09 1.3140789e-05 1.0826413e-01 4.3492693e-01 5.8765463e-03
 7.0390143e-07 4.5088425e-01 3.4013141e-05 2.5697244e-07 3.8802328e-10]
Label: toothpaste    Predictions: [5.0823826e-07 3.7318648e-07 1.2483588e-02 7.9689652e-04 4.8126753e-02
 4.2075308e-06 9.0259618e-01 3.5906922e-02 8.4547355e-05 3.0517759e-09]
Label: toothpaste    Predictions: [1.5094387e-10 2.2073261e-06 3.4006622e-02 9.2184097e-02 1.5006448e-03
 1.3922227e-08 8.7230515e-01 9.9438580e-07 1.9774771e-07 1.3197960e-11]
Label: toothpaste    Predictions: [5.2709493e-04 6.0324610e-12 3.6010437e-03 5.5821978e-02 3.6266551e-06
 4.0437744e-06 9.9900944e-07 2.5365600e-06 9.4003868e-01 1.9364585e-10]
Label: toothpaste    Predictions: [2.8822085e-04 1.9326540e-09 9.9045678e-09 9.9932265e-01 2.5580285e-08
 2.3107614e-06 1.2776071e-04 4.8818155e-08 4.1116167e-05 2.1794596e-04]
Label: toothpaste    Predictions: [1.5094290e-10 2.2072679e-06 3.4006238e-02 9.2183501e-02 1.5006093e-03
 1.3922137e-08 8.7230617e-01 9.9437273e-07 1.9774265e-07 1.3197999e-11]
Label: toothpaste    Predictions: [3.2434389e-18 9.3454890e-15 8.3980500e-20 1.7361957e-12 6.8802153e-15
 6.9534306e-16 1.0000000e+00 4.9470764e-15 4.5453720e-17 7.6284716e-14]
Label: toothpaste    Predictions: [2.6237068e-15 2.3763435e-14 1.0016269e-14 2.8299121e-10 4.5435541e-16
 2.2377810e-15 1.0000000e+00 1.2107937e-12 1.9176789e-11 2.0900618e-12]
Label: toothpaste    Predictions: [1.4190570e-19 2.3963455e-12 5.3375030e-17 3.0038381e-09 3.7337405e-13
 7.5503177e-18 1.0000000e+00 8.6617430e-16 5.4463474e-17 6.5264297e-19]
Label: toothpaste    Predictions: [8.5540773e-15 4.8936238e-14 3.6872489e-14 2.0309958e-12 2.5104024e-14
 3.1410731e-17 1.0000000e+00 1.6679516e-12 1.0307542e-11 1.1184121e-11]
Label: toothpaste    Predictions: [4.5869126e-16 1.8211077e-10 5.8745191e-13 9.4849150e-07 1.5562698e-12
 2.5151159e-14 9.9999905e-01 7.4787453e-15 6.0967737e-14 1.9602187e-16]
Label: toothpaste    Predictions: [2.1522702e-19 7.6593191e-15 1.2072917e-18 7.8520149e-11 2.6434353e-13
 1.4195148e-15 1.0000000e+00 6.4612344e-14 1.1458568e-18 7.9486747e-16]
Label: watermelon    Predictions: [1.2584459e-07 7.3832228e-15 1.3299220e-18 4.0112761e-17 9.4141969e-13
 1.1559565e-22 5.1376436e-19 9.9999988e-01 1.4454476e-16 1.2952883e-12]
Label: watermelon    Predictions: [8.0634389e-05 8.0599669e-08 2.1914745e-10 8.2878175e-09 2.7729133e-08
 3.2333156e-13 7.2959117e-10 9.9991930e-01 1.0813368e-09 2.7366537e-08]
Label: watermelon    Predictions: [1.2256877e-04 1.1847500e-16 8.6176321e-18 9.6798280e-18 9.7614564e-12
 2.1358613e-20 6.8885223e-19 9.9987745e-01 1.1754226e-16 1.7494798e-14]
Label: watermelon    Predictions: [5.4826702e-05 7.1358572e-09 6.6391452e-09 9.3443274e-11 1.6206590e-05
 4.8704076e-14 9.4662410e-11 9.9992895e-01 2.4442746e-12 7.5117095e-09]
Label: watermelon    Predictions: [4.2317918e-09 1.7097421e-14 1.0222339e-09 1.3142093e-14 4.2602147e-05
 6.0094076e-16 3.8723839e-14 9.9995744e-01 4.1738250e-14 1.8759400e-11]
Label: watermelon    Predictions: [4.2317270e-09 1.7097616e-14 1.0222359e-09 1.3142194e-14 4.2601780e-05
 6.0094304e-16 3.8723101e-14 9.9995744e-01 4.1738013e-14 1.8759400e-11]
Label: watermelon    Predictions: [5.2153412e-04 1.9856993e-15 2.0619573e-17 8.8228482e-18 9.3193508e-11
 3.9641920e-21 2.0998513e-18 9.9947852e-01 5.4727613e-17 2.1068011e-13]
Label: watermelon    Predictions: [9.3754560e-10 2.5580677e-13 6.9833189e-10 1.0183673e-14 3.4127963e-05
 1.6993213e-13 2.6781617e-11 9.9996591e-01 3.6055640e-12 3.3111722e-11]
Label: watermelon    Predictions: [4.6370496e-07 5.4365531e-15 3.9060823e-19 2.4275471e-17 4.4312695e-13
 5.6939381e-23 1.8776723e-19 9.9999952e-01 1.0383876e-16 6.4668447e-13]
Label: watermelon    Predictions: [9.9727565e-01 1.0217716e-06 3.0314726e-11 6.3614269e-09 4.9570963e-07
 7.4549603e-12 1.2727392e-09 2.7220843e-03 1.0407552e-08 6.8823329e-07]
Label: watermelon    Predictions: [1.2584459e-07 7.3832228e-15 1.3299220e-18 4.0112761e-17 9.4141969e-13
 1.1559565e-22 5.1376436e-19 9.9999988e-01 1.4454476e-16 1.2952883e-12]
Label: watermelon    Predictions: [3.2265818e-10 1.9543613e-10 2.6664490e-10 5.9473940e-11 2.1537078e-07
 9.6632487e-14 2.0443993e-09 9.9999976e-01 3.5495179e-10 3.1044980e-08]
Label: watermelon    Predictions: [6.4337952e-11 3.0355395e-12 5.9772640e-09 9.7108866e-13 3.5056876e-04
 1.6992152e-11 4.7768981e-07 9.9964893e-01 1.4069014e-09 6.0509608e-10]
Label: watermelon    Predictions: [9.2586549e-07 1.3661621e-07 2.9683800e-10 3.6630400e-11 8.2208935e-06
 9.6583299e-13 1.0619726e-08 9.9998975e-01 3.8948059e-10 8.9618737e-07]
Label: watermelon    Predictions: [2.9895554e-07 4.9809972e-13 1.5898528e-09 9.9926156e-10 3.2836017e-06
 1.4813793e-14 1.1591060e-09 9.9999630e-01 1.2301470e-09 4.5158349e-10]
Label: watermelon    Predictions: [9.96641769e-10 1.50784468e-13 5.20728682e-10 1.06410316e-13
 1.07247761e-04 6.23051940e-15 1.53049113e-14 9.99892712e-01
 1.11038294e-12 1.07887241e-10]
Label: watermelon    Predictions: [6.40834915e-04 3.36075084e-10 1.21666965e-11 1.84160582e-14
 4.14813357e-08 3.31371492e-16 6.68316374e-11 9.99359190e-01
 9.83390973e-12 1.81301762e-09]
Label: watermelon    Predictions: [9.1344643e-01 6.6739476e-09 9.2215160e-09 2.2340229e-08 9.2519787e-07
 1.3708651e-13 6.1014362e-09 8.6552635e-02 9.3081667e-11 1.8003064e-08]
Label: watermelon    Predictions: [2.5048133e-02 2.7419073e-10 2.4810222e-06 1.5484445e-09 2.1467224e-02
 1.7670662e-14 4.2471443e-11 9.5348215e-01 9.0651972e-11 1.9155924e-09]
Label: watermelon    Predictions: [7.3669136e-02 3.0830383e-04 3.0602792e-12 5.2511590e-10 3.6235253e-04
 4.2263335e-11 3.8057437e-06 9.2563510e-01 8.3886209e-07 2.0477799e-05]
Label: wipes    Predictions: [3.4154186e-11 1.8299960e-13 4.0475232e-12 8.7032781e-08 3.7956517e-12
 9.8815826e-14 6.4981289e-13 4.0105191e-13 9.9999988e-01 2.4798009e-11]
Label: wipes    Predictions: [5.6982771e-08 1.0819158e-12 2.4228511e-06 2.7050251e-01 4.5821752e-10
 1.9356214e-13 2.5322615e-13 1.0859510e-09 7.2949505e-01 4.9330839e-12]
Label: wipes    Predictions: [1.24426484e-13 3.89025419e-15 2.30819613e-10 5.13937955e-11
 3.05657972e-14 6.65720705e-08 1.67791952e-12 2.56358259e-12
 9.99999881e-01 1.23361624e-14]
Label: wipes    Predictions: [3.2291572e-07 9.2571131e-11 2.7736800e-07 4.5136723e-08 3.8234224e-10
 9.7560126e-01 8.2131913e-07 1.7645780e-08 2.4394555e-02 2.6576122e-06]
Label: wipes    Predictions: [4.5511682e-05 8.7427221e-09 2.3099945e-07 4.6365640e-06 2.7729028e-09
 2.5900400e-03 1.4121051e-07 7.8946449e-08 9.9211192e-01 5.2473703e-03]
Label: wipes    Predictions: [2.4087297e-09 4.9805431e-11 5.5095086e-08 1.3794629e-05 8.3864521e-10
 1.9396662e-06 3.3893038e-11 1.1014530e-10 9.9998426e-01 4.3756321e-11]
Label: wipes    Predictions: [5.2513733e-05 4.0081466e-07 8.2253433e-07 4.7326881e-05 1.8186863e-07
 2.7915281e-10 2.6326958e-07 1.8506222e-05 9.9987996e-01 2.2520046e-08]
Label: wipes    Predictions: [1.2109754e-12 3.4659558e-14 8.0718504e-10 6.1292371e-10 1.4918616e-13
 5.5859181e-07 4.5283704e-11 1.7307832e-11 9.9999940e-01 1.2745221e-13]
Label: wipes    Predictions: [2.8406329e-12 7.9005786e-16 1.6208803e-11 8.6884163e-12 2.7796659e-16
 2.2891790e-12 2.1046950e-16 1.4535949e-13 1.0000000e+00 7.3806013e-12]
Label: wipes    Predictions: [3.5983493e-12 2.1548552e-14 9.4056013e-13 6.3399530e-13 1.0141825e-17
 2.2424289e-12 1.8503079e-16 8.0982203e-15 1.0000000e+00 4.1654497e-12]
Label: wipes    Predictions: [8.6095656e-07 9.6836723e-12 1.0387975e-07 3.8876824e-06 5.4985566e-07
 8.1655453e-04 3.5631159e-04 6.7288129e-05 9.9875391e-01 5.0210383e-07]
Label: wipes    Predictions: [7.7166242e-06 9.0151134e-13 1.1207559e-04 4.0535611e-05 4.5229367e-09
 4.9960542e-02 9.7100250e-10 2.1943290e-08 9.4987702e-01 1.9934487e-06]
Label: wipes    Predictions: [4.8409426e-13 6.8203183e-16 1.2781275e-14 1.2755808e-13 5.2355639e-17
 4.9630676e-15 2.8255466e-19 1.0105346e-14 1.0000000e+00 8.7229867e-16]
Label: wipes    Predictions: [1.5452788e-10 9.1004102e-14 5.7574839e-10 1.6966991e-06 2.0598657e-12
 2.1785078e-13 5.4122769e-14 1.2073274e-13 9.9999833e-01 9.5252994e-13]
Label: wipes    Predictions: [2.5248336e-13 5.2623404e-15 1.0374231e-14 2.5696144e-08 1.6309364e-16
 1.7857779e-13 1.4063326e-13 1.3096361e-10 1.0000000e+00 4.7165329e-17]
Label: wipes    Predictions: [7.4731366e-14 1.1235622e-16 5.0913358e-12 1.3800770e-12 9.0136912e-17
 2.3884073e-18 3.6966987e-18 2.5686240e-16 1.0000000e+00 6.9664405e-16]
Label: wipes    Predictions: [3.2753016e-09 7.3072502e-14 5.0809501e-10 1.2700988e-07 1.1780953e-10
 1.0048705e-02 9.6886027e-11 4.5004098e-09 9.8995119e-01 2.1369280e-10]
Label: wipes    Predictions: [5.09179938e-13 9.48099115e-18 2.34636231e-13 9.92398386e-11
 1.10768418e-16 1.23821500e-11 2.76207730e-16 1.03951864e-14
 1.00000000e+00 3.78081732e-16]
Label: wipes    Predictions: [2.5675151e-10 2.6337132e-16 4.0523804e-13 5.8227867e-09 1.9606911e-13
 3.1377012e-10 4.7630327e-11 3.9128687e-12 1.0000000e+00 8.5772698e-13]
Label: wipes    Predictions: [1.2109754e-12 3.4659558e-14 8.0718504e-10 6.1292371e-10 1.4918616e-13
 5.5859181e-07 4.5283704e-11 1.7307832e-11 9.9999940e-01 1.2745221e-13]
Label: zoink    Predictions: [7.48063139e-11 2.70427136e-11 6.70541140e-12 2.43105387e-06
 6.88255388e-13 8.00513559e-15 4.44371678e-14 4.03628311e-11
 1.04639874e-07 9.99997497e-01]
Label: zoink    Predictions: [1.6857186e-06 1.4207842e-13 4.2320396e-12 1.0647106e-10 9.6358208e-12
 7.6004909e-13 2.6276574e-16 1.4180256e-13 3.4052954e-09 9.9999833e-01]
Label: zoink    Predictions: [8.5292644e-09 1.1600678e-07 4.4425496e-12 6.7780998e-06 7.8205060e-09
 8.8689837e-12 1.6568193e-13 1.1379403e-11 1.2884989e-11 9.9999309e-01]
Label: zoink    Predictions: [8.7521984e-10 2.5664884e-13 1.8055593e-11 1.5811402e-06 2.0362194e-10
 3.3359489e-13 2.6905038e-09 3.8082262e-09 4.3544823e-10 9.9999845e-01]
Label: zoink    Predictions: [9.9173552e-01 4.0722904e-07 5.0932285e-05 2.5800004e-05 5.0195449e-06
 3.6234623e-11 2.1971982e-09 7.3312847e-03 8.4331664e-10 8.5108686e-04]
Label: zoink    Predictions: [2.0247405e-04 2.2548610e-08 1.7312999e-07 1.0697449e-02 9.3559978e-09
 7.0548888e-12 1.4796987e-09 9.1812257e-07 1.0836482e-05 9.8908818e-01]
Label: zoink    Predictions: [9.7100347e-01 6.3081889e-06 8.1891858e-04 3.0893784e-06 1.0514210e-04
 4.2876369e-11 3.8388837e-08 2.8023886e-02 2.3147269e-08 3.9229013e-05]
Label: zoink    Predictions: [7.3614814e-08 2.5802985e-10 1.3708448e-12 1.7850116e-09 1.9567105e-11
 1.3809509e-16 1.3213253e-18 4.3907169e-14 2.3005911e-11 9.9999988e-01]
Label: zoink    Predictions: [4.2537745e-02 7.8115887e-09 2.7490137e-06 3.0263487e-05 8.3257333e-07
 7.9918033e-13 3.0298534e-13 2.2523773e-06 3.1851459e-06 9.5742297e-01]
Label: zoink    Predictions: [2.7854549e-04 2.7458810e-10 4.6761423e-10 3.8056708e-08 8.6596182e-11
 5.2026033e-10 1.6909913e-14 5.1629550e-13 9.3522722e-06 9.9971205e-01]
Label: zoink    Predictions: [5.7148194e-01 2.6146710e-05 1.4579966e-05 6.1187316e-02 1.9350478e-05
 7.0411643e-10 1.7016623e-10 9.5853443e-07 1.0905976e-03 3.6617911e-01]
Label: zoink    Predictions: [2.1929140e-05 4.6530338e-10 1.2058219e-08 1.4620882e-06 9.5058368e-07
 2.1785881e-10 7.2300790e-11 2.4570416e-01 2.2259344e-06 7.5426918e-01]
Label: zoink    Predictions: [2.0247501e-04 2.2548610e-08 1.7312685e-07 1.0697449e-02 9.3559258e-09
 7.0548086e-12 1.4796847e-09 9.1810585e-07 1.0836493e-05 9.8908818e-01]
Label: zoink    Predictions: [2.0247405e-04 2.2548610e-08 1.7312999e-07 1.0697449e-02 9.3559978e-09
 7.0548888e-12 1.4796987e-09 9.1812257e-07 1.0836482e-05 9.8908818e-01]
Label: zoink    Predictions: [7.3614679e-08 2.5803526e-10 1.3708579e-12 1.7850252e-09 1.9567365e-11
 1.3809404e-16 1.3213505e-18 4.3907000e-14 2.3006132e-11 9.9999988e-01]
Label: zoink    Predictions: [8.1735951e-01 2.5460924e-04 1.7988254e-01 2.2003242e-04 3.4793905e-07
 4.6806423e-11 3.6012032e-08 7.5360458e-07 6.7491399e-08 2.2821350e-03]
Label: zoink    Predictions: [5.5392086e-09 9.2616659e-13 2.6205997e-11 1.5055502e-05 3.8599604e-09
 1.3761623e-12 4.4872941e-09 6.4792503e-06 1.2994814e-09 9.9997842e-01]
Label: zoink    Predictions: [3.4944369e-05 7.2084359e-11 1.3056527e-10 2.6270185e-04 1.5314326e-09
 1.1959439e-15 3.7492969e-13 1.7815412e-10 2.9629472e-09 9.9970227e-01]
Label: zoink    Predictions: [4.2007167e-07 4.3526558e-07 1.4349217e-08 7.3411647e-06 3.1948567e-03
 1.4645114e-10 5.6660558e-11 3.1334043e-08 3.8269721e-10 9.9679691e-01]
Label: zoink    Predictions: [1.5040818e-01 2.3024616e-09 3.7153011e-06 5.7879829e-06 5.5715037e-07
 2.6177729e-06 2.5501791e-08 4.4291074e-08 1.6297730e-05 8.4956276e-01]
