Label: climbing_hold    Predictions: [1.0000000e+00 9.9420227e-33 1.5428999e-35 8.9067259e-28 6.8750411e-24
 8.7808624e-27 1.1464908e-33 1.6904640e-27 4.9216026e-25 2.2209154e-24]
Label: climbing_hold    Predictions: [1.0000000e+00 1.7035340e-27 7.4037052e-36 3.3488991e-26 1.4896581e-18
 9.2404572e-29 2.5927401e-33 6.0192444e-19 2.2269534e-26 5.2361246e-24]
Label: climbing_hold    Predictions: [1.0000000e+00 3.4899118e-18 1.7578858e-26 6.4424585e-17 1.7513460e-19
 3.0536632e-20 5.6182218e-26 6.5207376e-17 1.1663765e-19 1.0797635e-19]
Label: climbing_hold    Predictions: [1.0000000e+00 1.6568756e-20 1.7511909e-28 2.1225208e-17 1.0169814e-21
 6.3705409e-23 7.5275020e-28 3.8160403e-17 2.7251362e-21 2.6295491e-22]
Label: climbing_hold    Predictions: [1.0000000e+00 1.1741155e-22 3.7992841e-29 1.2572670e-20 1.1835594e-21
 1.0715500e-24 3.8279302e-28 4.0958441e-23 2.0113529e-21 4.6491098e-20]
Label: climbing_hold    Predictions: [1.0000000e+00 6.9512959e-27 1.0220398e-31 1.4479937e-21 9.5636104e-22
 1.2233833e-26 7.2763311e-30 7.8643628e-19 3.2446685e-23 3.2825504e-24]
Label: climbing_hold    Predictions: [1.0000000e+00 1.1549348e-28 0.0000000e+00 8.5823916e-28 2.7350037e-25
 2.9409607e-28 9.4913582e-37 1.9469665e-20 5.8475629e-31 7.8221549e-32]
Label: climbing_hold    Predictions: [1.0000000e+00 4.0665826e-27 7.5315732e-30 9.8410142e-25 3.3817718e-21
 8.6618641e-26 2.7240116e-30 1.7545339e-21 3.1259158e-25 1.0354505e-21]
Label: climbing_hold    Predictions: [1.0000000e+00 1.7233728e-33 0.0000000e+00 1.0502366e-29 2.1111865e-29
 3.8966712e-30 0.0000000e+00 1.2124090e-27 2.2487367e-28 1.1337538e-30]
Label: climbing_hold    Predictions: [1.0000000e+00 1.0746282e-32 1.7223589e-35 9.5527156e-28 6.9415034e-24
 8.7914534e-27 1.1891459e-33 1.9033532e-27 4.6106312e-25 2.3100297e-24]
Label: climbing_hold    Predictions: [1.0000000e+00 2.8812499e-29 3.6794887e-35 1.0895550e-23 4.4565561e-24
 2.7145347e-27 1.7486165e-33 1.1040739e-22 3.0942152e-25 7.1097106e-27]
Label: climbing_hold    Predictions: [1.0000000e+00 4.6571731e-33 1.0511060e-37 6.6983179e-28 6.3584629e-19
 3.9545526e-28 8.1264882e-34 4.3896758e-23 7.8052100e-28 1.5749354e-26]
Label: climbing_hold    Predictions: [1.0000000e+00 8.6948501e-23 2.7055751e-32 5.2931877e-21 2.1218493e-24
 7.6363115e-27 1.5745949e-31 6.8061429e-19 1.1137508e-25 2.1072242e-25]
Label: climbing_hold    Predictions: [1.0000000e+00 1.2199046e-22 2.5468549e-32 1.8431056e-19 7.2823827e-23
 4.6105784e-25 3.4374215e-31 1.4334327e-17 1.4123576e-23 6.8141238e-25]
Label: climbing_hold    Predictions: [1.0000000e+00 3.1609738e-35 0.0000000e+00 6.4933157e-30 9.9517465e-31
 2.2380700e-31 0.0000000e+00 2.0540402e-26 9.7068788e-30 4.4745586e-33]
Label: climbing_hold    Predictions: [1.0000000e+00 3.0920168e-35 0.0000000e+00 5.4266928e-30 1.4996667e-30
 1.4869798e-31 0.0000000e+00 3.0385246e-26 7.9947180e-30 4.8807499e-33]
Label: climbing_hold    Predictions: [1.0000000e+00 7.8656190e-35 0.0000000e+00 9.2469757e-30 3.0382752e-30
 1.5534389e-31 0.0000000e+00 5.1150589e-26 9.7496291e-30 5.0651971e-33]
Label: climbing_hold    Predictions: [1.0000000e+00 2.4864472e-29 1.6479273e-32 1.5246024e-23 3.3920770e-24
 8.1940985e-27 2.2459311e-30 3.2803191e-26 6.2182892e-24 1.4814847e-20]
Label: climbing_hold    Predictions: [1.0000000e+00 1.0740380e-32 5.3365602e-34 2.7771608e-26 1.2826342e-24
 9.5660309e-27 5.0348531e-34 1.1779533e-26 3.8563464e-22 1.4324936e-23]
Label: climbing_hold    Predictions: [1.0000000e+00 2.7102731e-26 1.3361854e-28 2.5184323e-24 8.7300846e-22
 5.5547010e-24 1.7231996e-28 3.4654778e-24 4.9013969e-21 6.8312401e-20]
Label: clip    Predictions: [1.0420761e-13 1.0000000e+00 1.2699316e-17 4.7155758e-11 1.1249485e-14
 7.4009001e-16 7.0671660e-15 2.7431467e-15 3.4008250e-15 2.2163236e-13]
Label: clip    Predictions: [6.8060757e-07 9.9996781e-01 6.4858487e-09 4.1857043e-06 1.7497152e-06
 1.5633624e-07 2.2580665e-05 2.3229243e-06 3.3504698e-08 3.9110552e-07]
Label: clip    Predictions: [6.2237888e-11 1.0000000e+00 8.2646597e-14 7.0692469e-10 5.9796647e-11
 1.5369612e-12 1.6065044e-10 1.6522346e-11 2.5207627e-13 1.1737301e-11]
Label: clip    Predictions: [4.0227280e-11 1.0000000e+00 1.9521224e-14 6.1612510e-10 3.2079873e-11
 7.8092611e-13 2.8676575e-11 3.0978459e-11 1.7585883e-13 3.7322042e-12]
Label: clip    Predictions: [1.65345924e-08 9.99999404e-01 3.95091515e-10 3.52259804e-07
 4.50946658e-08 1.23891315e-08 4.82597997e-08 1.54619102e-07
 1.11991327e-09 3.16559934e-09]
Label: clip    Predictions: [4.0227280e-11 1.0000000e+00 1.9521224e-14 6.1612510e-10 3.2079873e-11
 7.8092611e-13 2.8676575e-11 3.0978459e-11 1.7585883e-13 3.7322042e-12]
Label: clip    Predictions: [3.67062292e-08 9.99992490e-01 1.31523670e-09 4.93019206e-06
 1.07507034e-07 6.97304614e-09 2.20487595e-06 3.25732628e-07
 1.68342351e-09 5.22633989e-08]
Label: clip    Predictions: [3.0400264e-07 9.9999607e-01 4.5151446e-10 1.1666900e-06 6.4024272e-07
 1.0858564e-07 1.5251170e-06 7.1776469e-08 2.4275670e-09 2.6342009e-08]
Label: clip    Predictions: [1.0279427e-11 1.0000000e+00 4.8892706e-16 1.4355817e-08 5.8989678e-13
 7.2275332e-11 1.4749545e-13 6.8630455e-15 2.9324636e-13 1.4618561e-12]
Label: clip    Predictions: [3.2333633e-10 9.9995732e-01 2.4961285e-11 4.1876068e-05 5.9727019e-09
 7.4490089e-07 3.5194258e-08 5.0661514e-10 2.2928886e-11 1.0582214e-09]
Label: clip    Predictions: [4.0227280e-11 1.0000000e+00 1.9521224e-14 6.1612510e-10 3.2079873e-11
 7.8092611e-13 2.8676575e-11 3.0978459e-11 1.7585883e-13 3.7322042e-12]
Label: clip    Predictions: [4.3134465e-10 1.0000000e+00 1.9532678e-12 7.7023543e-09 6.0219363e-10
 1.9067879e-11 2.8497585e-10 4.1160295e-10 3.2416864e-12 7.8163476e-11]
Label: clip    Predictions: [8.1866292e-11 9.9998593e-01 4.3314096e-13 1.3996101e-05 3.6320464e-11
 7.4389384e-08 1.3364228e-11 3.7016725e-13 1.2036687e-12 1.6909837e-10]
Label: clip    Predictions: [4.0227280e-11 1.0000000e+00 1.9521224e-14 6.1612510e-10 3.2079873e-11
 7.8092611e-13 2.8676575e-11 3.0978459e-11 1.7585883e-13 3.7322042e-12]
Label: clip    Predictions: [5.35329142e-11 1.00000000e+00 4.97810682e-14 9.50765133e-10
 9.16464543e-11 1.75822692e-12 1.00809944e-10 6.57972704e-11
 3.88197937e-13 8.09413994e-12]
Label: clip    Predictions: [7.9024648e-11 9.9999976e-01 8.6622078e-15 7.7231277e-08 8.9238192e-08
 1.6538857e-08 1.1063371e-08 5.0526040e-14 1.3255669e-13 4.4764092e-11]
Label: clip    Predictions: [1.3363784e-10 9.9999988e-01 3.1267198e-14 2.9138819e-08 9.4811469e-08
 1.4253581e-08 1.7412399e-08 1.9703142e-13 2.0294224e-13 7.8498277e-11]
Label: clip    Predictions: [1.9396535e-09 9.9999058e-01 8.5964250e-11 8.8575098e-06 1.6816976e-08
 1.8051139e-08 5.1881437e-07 5.4657924e-08 2.8459875e-11 1.0182882e-09]
Label: clip    Predictions: [7.7670409e-10 1.0000000e+00 6.0368919e-12 5.3721791e-09 3.7782555e-10
 2.2205925e-10 5.3227600e-10 1.0599998e-09 1.3402426e-11 1.0916299e-10]
Label: clip    Predictions: [4.0227280e-11 1.0000000e+00 1.9521224e-14 6.1612510e-10 3.2079873e-11
 7.8092611e-13 2.8676575e-11 3.0978459e-11 1.7585883e-13 3.7322042e-12]
Label: dasani    Predictions: [0.0000000e+00 0.0000000e+00 1.0000000e+00 9.0477644e-24 8.4827572e-36
 4.1319259e-29 5.7196489e-31 6.8842969e-34 2.8055229e-29 6.6740586e-29]
Label: dasani    Predictions: [1.2268599e-08 1.2946795e-10 9.9999619e-01 1.8710833e-09 8.2767883e-07
 1.0061325e-10 1.5811155e-06 8.2896804e-07 5.4775011e-08 4.8256538e-07]
Label: dasani    Predictions: [0.0000000e+00 0.0000000e+00 1.0000000e+00 3.4045060e-33 1.7749498e-38
 6.1088878e-32 1.7141399e-27 5.2362869e-38 1.4153323e-34 3.6341085e-29]
Label: dasani    Predictions: [1.1058289e-09 3.8875700e-12 9.9999845e-01 8.0341456e-11 3.8959379e-07
 1.2669130e-09 1.6937600e-08 3.7127501e-09 8.6489086e-07 3.2470422e-07]
Label: dasani    Predictions: [2.3821825e-34 0.0000000e+00 1.0000000e+00 2.7346324e-22 2.3035561e-29
 5.9782940e-23 3.7440780e-22 2.6407467e-30 2.5930394e-31 2.1263081e-22]
Label: dasani    Predictions: [3.0768005e-10 9.5838853e-13 9.9999976e-01 1.5861281e-11 2.7583393e-08
 7.9016516e-11 1.0298455e-08 1.0923800e-09 2.3242406e-07 6.2449985e-08]
Label: dasani    Predictions: [4.8513451e-09 6.5180088e-09 9.7828639e-01 5.4677770e-08 3.1742167e-07
 3.2773917e-09 2.1705823e-02 3.5844264e-06 3.8251733e-06 8.9931786e-09]
Label: dasani    Predictions: [1.2708688e-10 6.3192385e-12 9.9999797e-01 6.8776172e-11 1.9469297e-08
 1.3345935e-09 1.2144662e-07 3.8918937e-08 1.7389416e-06 9.4322790e-09]
Label: dasani    Predictions: [0.0000000e+00 0.0000000e+00 1.0000000e+00 3.3980449e-33 1.7466587e-38
 5.9440200e-32 1.6723445e-27 5.0723187e-38 1.3737456e-34 3.5758019e-29]
Label: dasani    Predictions: [1.06935074e-08 1.01661675e-08 9.99280274e-01 1.92481835e-08
 3.89652342e-07 8.40373016e-09 7.09147367e-04 2.08415463e-06
 6.63823994e-06 1.40637133e-06]
Label: dasani    Predictions: [7.51725624e-36 0.00000000e+00 1.00000000e+00 2.63518215e-22
 5.32857991e-29 3.12170208e-22 8.54657332e-23 5.45146658e-30
 2.60815633e-25 1.00978677e-22]
Label: dasani    Predictions: [6.0494981e-17 2.3772870e-21 1.0000000e+00 1.0413962e-10 6.9353181e-14
 1.7293601e-13 2.0257325e-10 3.9735695e-16 8.9990610e-12 1.1470263e-11]
Label: dasani    Predictions: [3.1605335e-08 5.1476459e-08 9.9638969e-01 9.9903509e-08 1.4912712e-06
 6.2473916e-08 3.4378916e-03 2.3732682e-05 1.4579574e-04 9.7234420e-07]
Label: dasani    Predictions: [2.8842953e-37 0.0000000e+00 1.0000000e+00 5.7995303e-25 1.1655204e-30
 1.5380455e-28 3.8309514e-22 2.1123191e-32 7.1449639e-30 6.9436780e-23]
Label: dasani    Predictions: [1.8447341e-30 0.0000000e+00 1.0000000e+00 1.1539972e-20 6.3287998e-25
 1.7641553e-24 7.7920336e-20 3.7471281e-26 6.4220452e-24 3.8065608e-17]
Label: dasani    Predictions: [0.0000000e+00 0.0000000e+00 1.0000000e+00 1.2453979e-31 4.3590931e-36
 4.0246922e-30 3.2711843e-26 2.3530798e-36 1.8451545e-32 1.6036342e-27]
Label: dasani    Predictions: [0.0000000e+00 0.0000000e+00 1.0000000e+00 4.6933772e-33 3.9413287e-36
 1.7526461e-30 5.6252987e-26 3.4909180e-36 7.9027668e-34 5.2727771e-27]
Label: dasani    Predictions: [1.3683823e-09 3.9296929e-12 9.9999702e-01 2.2862555e-10 8.1696363e-08
 8.6572964e-11 1.3381735e-09 2.8150293e-10 2.2557786e-06 6.2618739e-07]
Label: dasani    Predictions: [6.0277028e-10 6.9184376e-12 9.9999964e-01 3.3012950e-11 1.0394719e-08
 4.3723206e-11 4.3521421e-08 1.2525249e-09 3.0336754e-08 3.3007916e-07]
Label: dasani    Predictions: [4.5487782e-09 7.9347376e-11 9.9999738e-01 4.4960147e-09 4.0115734e-07
 1.8697278e-11 1.4219129e-06 6.0392296e-07 3.6492242e-08 1.6774830e-07]
Label: glue    Predictions: [5.1207649e-06 2.7535353e-03 5.9360505e-10 9.9603420e-01 2.9549754e-10
 1.1932575e-03 3.3446312e-08 3.1440150e-09 6.2049980e-07 1.3306201e-05]
Label: glue    Predictions: [5.5927148e-06 9.6479267e-01 4.4090967e-08 3.4888234e-02 9.2662037e-07
 2.8874536e-04 1.0677034e-05 1.5614003e-06 1.0570546e-06 1.0435730e-05]
Label: glue    Predictions: [3.7785373e-32 5.3683595e-31 8.9597506e-28 1.0000000e+00 4.7121269e-32
 7.3629093e-17 2.4101023e-30 4.5401120e-36 3.9119073e-15 1.8007320e-20]
Label: glue    Predictions: [2.2114223e-31 2.0078403e-30 1.5246173e-26 1.0000000e+00 2.7939429e-31
 5.6288873e-17 1.3716865e-28 6.4831768e-35 2.1995688e-15 3.1744474e-20]
Label: glue    Predictions: [1.3987072e-30 1.7183478e-29 2.1461198e-28 1.0000000e+00 7.5183461e-36
 1.8962239e-14 3.2560716e-33 4.4261369e-35 1.5361790e-23 4.4698924e-22]
Label: glue    Predictions: [5.9812868e-07 2.8005898e-06 5.7736546e-12 9.9999642e-01 9.3471682e-11
 3.2052839e-08 7.2385577e-11 9.7599324e-09 7.3769280e-09 8.3402540e-08]
Label: glue    Predictions: [1.9838557e-17 2.9144621e-18 1.4519877e-13 1.0000000e+00 4.4143548e-18
 6.6516931e-10 1.2932426e-11 2.5816601e-23 8.7978444e-12 1.8255849e-18]
Label: glue    Predictions: [4.3707707e-10 4.7444028e-05 4.6993286e-08 9.9989641e-01 4.8437663e-09
 5.4784046e-05 1.3445737e-06 1.3283766e-08 1.6864850e-09 5.7445636e-08]
Label: glue    Predictions: [7.7990869e-08 9.9990690e-01 3.9783987e-10 9.1930466e-05 4.7432508e-08
 5.9364698e-08 7.1897330e-07 4.6284626e-08 4.1594630e-09 2.0672749e-07]
Label: glue    Predictions: [5.2560122e-06 6.4917360e-05 1.4709638e-10 9.9992895e-01 1.4621838e-09
 3.6452656e-07 2.1160729e-09 1.0517292e-07 3.4487883e-08 2.9556909e-07]
Label: glue    Predictions: [2.9555205e-05 4.0630404e-02 6.2285532e-10 9.5920646e-01 8.9509761e-08
 1.0850108e-05 1.0550217e-09 2.3344450e-08 9.1117903e-07 1.2171326e-04]
Label: glue    Predictions: [2.20467846e-04 5.12103470e-05 1.33036529e-12 9.99715984e-01
 1.84007226e-10 3.10499075e-08 1.88842995e-12 2.74954313e-11
 1.59889701e-09 1.22793535e-05]
Label: glue    Predictions: [7.0028715e-21 5.3808171e-19 6.3751317e-24 1.0000000e+00 2.0530307e-25
 5.0032417e-12 1.9874436e-27 1.7874845e-25 5.2124925e-15 5.0779930e-15]
Label: glue    Predictions: [4.21187789e-29 1.23405124e-26 7.92652599e-27 1.00000000e+00
 4.82470699e-29 5.00092223e-16 5.92007137e-27 4.25687096e-33
 3.70466089e-14 1.65825569e-18]
Label: glue    Predictions: [0.0000000e+00 0.0000000e+00 2.4784735e-29 1.0000000e+00 6.6253503e-38
 4.8309193e-19 1.4811618e-36 0.0000000e+00 3.6421967e-23 4.6544498e-28]
Label: glue    Predictions: [5.12879783e-09 5.59258524e-06 3.30777072e-13 9.99946237e-01
 5.29602022e-11 2.04865610e-05 4.04114450e-11 9.18664355e-14
 1.04776504e-07 2.75037382e-05]
Label: glue    Predictions: [1.2122561e-06 1.4323331e-02 4.5873805e-11 9.8564571e-01 1.6908975e-09
 2.2967433e-05 1.6842381e-09 5.5141175e-10 2.5108395e-08 6.6176103e-06]
Label: glue    Predictions: [2.5935202e-08 9.9946803e-01 2.7528083e-10 5.2799092e-04 3.5220676e-08
 3.1193824e-06 3.3581067e-09 2.0204665e-09 1.8452220e-09 8.1962293e-07]
Label: glue    Predictions: [1.50199307e-35 2.71595736e-32 1.72224230e-33 1.00000000e+00
 7.01733165e-38 8.06727745e-19 1.05634425e-36 8.50413230e-38
 7.97693990e-27 1.00029245e-25]
Label: glue    Predictions: [4.1606364e-35 4.2035049e-34 2.6226755e-23 1.0000000e+00 5.2980499e-31
 3.5742828e-17 4.1711895e-27 1.3114116e-35 1.1979916e-27 1.7989944e-28]
Label: spray_bottle    Predictions: [6.4279957e-18 2.1829053e-19 2.0898145e-16 2.9471706e-21 1.0000000e+00
 5.8603302e-18 6.9021353e-16 1.6011579e-13 9.4142916e-16 9.7230411e-14]
Label: spray_bottle    Predictions: [4.3331526e-18 8.5914543e-15 1.2536199e-16 1.9689180e-19 9.9999976e-01
 4.5351868e-17 2.7354750e-12 1.9018282e-07 7.2970618e-16 2.1455584e-13]
Label: spray_bottle    Predictions: [3.4297057e-24 1.5175821e-22 3.1742368e-23 2.8164405e-28 1.0000000e+00
 1.1467685e-22 8.2311936e-19 1.6589559e-13 5.6344352e-23 1.7873280e-17]
Label: spray_bottle    Predictions: [1.6407279e-15 1.2153709e-15 2.8921682e-14 2.7798645e-18 1.0000000e+00
 2.7235961e-15 2.4057232e-13 1.3852923e-10 2.3067185e-13 4.4093787e-12]
Label: spray_bottle    Predictions: [1.4018556e-27 5.1864109e-30 6.7618622e-27 3.1918859e-34 1.0000000e+00
 3.8250442e-26 2.8226775e-29 5.5990046e-20 1.5114468e-29 8.0584735e-21]
Label: spray_bottle    Predictions: [1.3593706e-23 2.1621193e-20 6.1886848e-24 5.6829731e-26 1.0000000e+00
 2.1933263e-23 2.1218072e-18 1.5483954e-12 8.9681555e-22 4.4628281e-19]
Label: spray_bottle    Predictions: [4.4484714e-24 4.1094959e-21 5.1767658e-22 3.1381349e-27 1.0000000e+00
 2.9077044e-22 2.9151739e-18 1.3423877e-13 2.7093909e-21 2.2833506e-18]
Label: spray_bottle    Predictions: [1.72916322e-23 1.46556681e-19 1.16901171e-22 6.62182786e-26
 1.00000000e+00 2.50468755e-21 3.09485358e-17 1.00241246e-10
 4.90130322e-21 4.65035605e-18]
Label: spray_bottle    Predictions: [1.8113518e-24 3.4873244e-21 2.6476680e-21 1.8801600e-27 1.0000000e+00
 6.1794673e-22 1.9638260e-18 4.4940627e-13 1.7798471e-21 2.9006093e-18]
Label: spray_bottle    Predictions: [2.7003882e-25 7.1139735e-26 3.5478856e-26 1.0380055e-28 1.0000000e+00
 1.7626771e-22 4.6352875e-24 1.8385738e-14 2.9341635e-25 1.1357178e-17]
Label: spray_bottle    Predictions: [3.2145329e-16 2.1483587e-18 1.1211699e-14 5.5866543e-19 1.0000000e+00
 1.4242647e-17 3.2318809e-13 6.9772756e-09 1.3066811e-15 6.9130452e-12]
Label: spray_bottle    Predictions: [9.25917440e-18 1.26172565e-20 1.48438901e-17 4.91716263e-22
 1.00000000e+00 9.36030796e-20 2.51471747e-16 1.71429780e-11
 1.06701346e-18 9.40045351e-13]
Label: spray_bottle    Predictions: [1.4018556e-27 5.1864109e-30 6.7618622e-27 3.1918859e-34 1.0000000e+00
 3.8250442e-26 2.8226775e-29 5.5990046e-20 1.5114468e-29 8.0584735e-21]
Label: spray_bottle    Predictions: [3.9443622e-16 2.0912956e-18 3.8246134e-15 4.7128027e-20 1.0000000e+00
 1.2473187e-16 6.5728965e-13 1.4568945e-10 5.9608721e-16 7.1698654e-11]
Label: spray_bottle    Predictions: [2.1975371e-17 6.6776326e-19 3.4544312e-16 9.9714391e-22 1.0000000e+00
 4.9624573e-17 9.4595422e-16 3.9247832e-12 5.9561925e-15 3.0655981e-12]
Label: spray_bottle    Predictions: [7.27091401e-13 4.68067946e-12 2.10949400e-12 1.32332497e-15
 1.00000000e+00 1.20722865e-12 1.68745194e-12 1.48659725e-08
 1.58883377e-13 1.48568879e-10]
Label: spray_bottle    Predictions: [1.4231530e-15 3.6353488e-18 1.0339335e-16 6.8479609e-21 1.0000000e+00
 1.5901434e-17 2.1036826e-17 7.5467452e-11 4.9962672e-17 8.1134876e-13]
Label: spray_bottle    Predictions: [2.76380935e-21 4.35164806e-22 1.46763800e-25 2.45472954e-25
 1.00000000e+00 3.43989197e-21 1.03502085e-27 1.08269001e-15
 6.48086720e-23 4.10380151e-17]
Label: spray_bottle    Predictions: [2.8378444e-23 2.8560353e-23 1.3151857e-25 2.4650116e-27 1.0000000e+00
 3.9328522e-24 4.4308648e-21 2.6859468e-15 1.9428606e-23 1.0258193e-19]
Label: spray_bottle    Predictions: [1.5718155e-17 6.2708095e-18 3.5578670e-15 3.6834346e-20 1.0000000e+00
 1.1468244e-16 2.5479276e-14 1.0666378e-09 9.0164804e-16 1.7249960e-12]
Label: toothbrushes    Predictions: [2.9351073e-30 4.7189157e-29 3.5925115e-28 3.5882668e-20 6.7676871e-29
 1.0000000e+00 4.5114106e-17 1.2735598e-33 1.6147626e-13 4.3825135e-16]
Label: toothbrushes    Predictions: [1.0267236e-34 1.0361001e-33 2.7578526e-33 5.6344567e-23 2.5281015e-35
 1.0000000e+00 8.2520023e-20 0.0000000e+00 1.2516024e-18 8.3931418e-22]
Label: toothbrushes    Predictions: [5.6368077e-35 8.4047898e-33 1.4558005e-32 4.1370169e-23 5.8539791e-35
 1.0000000e+00 5.8854103e-22 0.0000000e+00 4.1870935e-15 1.2683526e-18]
Label: toothbrushes    Predictions: [0.0000000e+00 9.7886449e-38 4.5513879e-34 3.0528105e-29 8.4986735e-33
 1.0000000e+00 1.5904705e-25 0.0000000e+00 3.1239624e-24 9.7873282e-25]
Label: toothbrushes    Predictions: [0.0000000e+00 0.0000000e+00 2.4210048e-36 1.5928953e-30 1.5799776e-34
 1.0000000e+00 1.3076803e-27 0.0000000e+00 4.3455532e-25 2.0212157e-26]
Label: toothbrushes    Predictions: [1.7138082e-25 1.8356711e-23 9.9816375e-22 1.4248231e-19 1.4071111e-20
 1.0000000e+00 4.7319544e-19 1.4854373e-24 3.2665738e-13 4.7167871e-16]
Label: toothbrushes    Predictions: [2.6520531e-30 4.6853013e-29 1.2640561e-22 1.2174951e-13 1.5064279e-21
 1.0000000e+00 6.4267337e-14 4.0891946e-30 8.5054562e-17 1.4955796e-18]
Label: toothbrushes    Predictions: [6.4331520e-24 2.1890164e-20 5.9724450e-20 1.7927575e-16 1.9897426e-19
 1.0000000e+00 4.4138983e-19 5.1033924e-23 1.6696410e-13 1.0228053e-14]
Label: toothbrushes    Predictions: [6.6368187e-12 2.1317535e-10 3.1886472e-08 9.4386669e-05 1.6987248e-12
 9.9989665e-01 5.7838611e-07 2.2347681e-12 8.2557108e-06 1.3596457e-07]
Label: toothbrushes    Predictions: [9.93528185e-24 3.49351751e-20 6.70314736e-21 1.64069547e-09
 1.10628621e-24 1.00000000e+00 1.04807994e-13 4.43076670e-27
 2.77958406e-10 7.65822681e-14]
Label: toothbrushes    Predictions: [0.0000000e+00 0.0000000e+00 2.4210048e-36 1.5928953e-30 1.5799776e-34
 1.0000000e+00 1.3076803e-27 0.0000000e+00 4.3455532e-25 2.0212157e-26]
Label: toothbrushes    Predictions: [2.0020585e-22 6.9011436e-21 8.0108249e-18 6.5152213e-16 1.1306380e-18
 1.0000000e+00 1.7684392e-18 5.0753024e-22 2.7513866e-13 9.1739001e-14]
Label: toothbrushes    Predictions: [0.0000000e+00 0.0000000e+00 2.4210048e-36 1.5928953e-30 1.5799776e-34
 1.0000000e+00 1.3076803e-27 0.0000000e+00 4.3455532e-25 2.0212157e-26]
Label: toothbrushes    Predictions: [9.3204748e-27 7.6877770e-21 5.3330195e-19 2.9247652e-10 2.2469344e-22
 1.0000000e+00 3.3561166e-12 1.0873906e-25 8.4028375e-17 9.0937521e-16]
Label: toothbrushes    Predictions: [2.1308177e-34 5.3045387e-32 1.2942686e-23 2.1724996e-16 3.0328187e-24
 1.0000000e+00 1.6931526e-15 1.8480849e-32 4.9100737e-16 7.5209387e-18]
Label: toothbrushes    Predictions: [9.1064044e-35 2.6207018e-33 2.5687132e-30 3.7642936e-25 1.8819576e-38
 1.0000000e+00 4.6026767e-15 1.7110167e-35 5.7149410e-15 8.7516150e-24]
Label: toothbrushes    Predictions: [4.3733972e-30 2.2082120e-22 1.9711097e-22 2.0677173e-13 1.2629654e-24
 1.0000000e+00 1.7027101e-18 1.0695672e-28 1.0870063e-15 5.1207644e-13]
Label: toothbrushes    Predictions: [6.3123829e-24 1.7299644e-20 1.0570926e-16 3.1259590e-09 1.0657188e-20
 1.0000000e+00 2.7630892e-12 7.1217203e-24 1.6393954e-15 1.1182441e-14]
Label: toothbrushes    Predictions: [8.2375572e-22 5.0606815e-24 7.2671732e-16 8.6861629e-12 1.2702668e-23
 9.9999237e-01 7.6559800e-06 6.4249853e-24 5.9213731e-11 3.3729695e-15]
Label: toothbrushes    Predictions: [1.5587544e-35 1.5890026e-33 4.7072090e-30 1.7546584e-24 6.5272129e-38
 1.0000000e+00 6.0742012e-15 2.6108295e-36 7.6926581e-18 1.3732541e-25]
Label: toothpaste    Predictions: [8.0641006e-21 2.2060337e-20 3.3266433e-18 3.0821564e-15 1.9188756e-18
 1.9927547e-15 1.0000000e+00 4.3932551e-18 2.8474884e-13 3.0800609e-17]
Label: toothpaste    Predictions: [1.2440599e-22 3.8844301e-21 2.6820084e-20 2.2222635e-16 2.7825034e-20
 2.9710280e-17 1.0000000e+00 6.3968500e-20 4.5474751e-15 3.3101996e-18]
Label: toothpaste    Predictions: [1.8336350e-30 8.5867798e-28 2.6474985e-27 9.6959588e-23 3.0664289e-23
 2.8901651e-15 1.0000000e+00 1.3742110e-28 3.4840723e-18 6.3822503e-20]
Label: toothpaste    Predictions: [1.8336350e-30 8.5867798e-28 2.6474985e-27 9.6959588e-23 3.0664289e-23
 2.8901651e-15 1.0000000e+00 1.3742110e-28 3.4840723e-18 6.3822503e-20]
Label: toothpaste    Predictions: [4.8910158e-27 4.8678395e-28 1.5647036e-23 1.6296315e-22 7.7816628e-21
 1.5357551e-18 1.0000000e+00 6.0241944e-23 6.2770084e-18 3.4605838e-20]
Label: toothpaste    Predictions: [1.2250810e-22 4.3252277e-25 6.0177493e-20 2.5807790e-19 3.4905791e-17
 1.2932911e-16 1.0000000e+00 1.2935463e-18 1.8442355e-14 4.1286269e-17]
Label: toothpaste    Predictions: [4.1411148e-19 5.2742751e-16 3.5138002e-16 1.3899218e-13 3.6904326e-16
 1.4850456e-14 1.0000000e+00 1.6703582e-16 1.4291304e-13 6.7513587e-16]
Label: toothpaste    Predictions: [2.7545310e-25 4.2005861e-27 1.6567239e-20 1.6853695e-21 2.2926970e-19
 7.8933750e-17 1.0000000e+00 3.5895399e-20 1.8949177e-15 5.5765862e-18]
Label: toothpaste    Predictions: [9.8597397e-30 8.9399195e-27 1.5524001e-26 3.9331113e-22 6.7044960e-23
 5.9828584e-15 1.0000000e+00 7.6964937e-28 6.0840937e-18 4.1801906e-19]
Label: toothpaste    Predictions: [5.5626360e-30 1.5925202e-28 4.4374335e-26 8.6445190e-22 1.2240254e-22
 6.0033397e-16 1.0000000e+00 5.0858321e-27 6.7169064e-17 4.6048602e-20]
Label: toothpaste    Predictions: [1.8336350e-30 8.5867798e-28 2.6474985e-27 9.6959588e-23 3.0664289e-23
 2.8901651e-15 1.0000000e+00 1.3742110e-28 3.4840723e-18 6.3822503e-20]
Label: toothpaste    Predictions: [3.3901013e-09 1.5359634e-16 2.6965268e-13 7.8395912e-10 2.8680738e-09
 1.1818017e-09 9.9990571e-01 2.4518211e-05 5.7116908e-05 1.2667644e-05]
Label: toothpaste    Predictions: [2.5659137e-06 2.1991882e-06 2.3778623e-04 3.0253714e-01 9.3993515e-07
 8.9942431e-03 6.7177218e-01 1.4870885e-02 5.4768097e-06 1.5765778e-03]
Label: toothpaste    Predictions: [1.8336350e-30 8.5867798e-28 2.6474985e-27 9.6959588e-23 3.0664289e-23
 2.8901651e-15 1.0000000e+00 1.3742110e-28 3.4840723e-18 6.3822503e-20]
Label: toothpaste    Predictions: [5.6321999e-23 3.5565245e-22 2.1736890e-20 2.0636234e-17 3.0523106e-21
 2.9290071e-18 1.0000000e+00 2.5850047e-20 4.1707534e-15 2.5182562e-19]
Label: toothpaste    Predictions: [5.3164033e-27 1.0008617e-24 9.0604102e-23 6.0164242e-18 1.3449693e-23
 7.1090551e-21 1.0000000e+00 1.4302563e-21 6.3387797e-17 3.0204466e-21]
Label: toothpaste    Predictions: [7.5873286e-19 1.0777128e-14 9.1672878e-14 6.2659589e-13 7.4413013e-15
 6.4947315e-14 1.0000000e+00 1.6270153e-16 2.4712692e-11 1.6933076e-15]
Label: toothpaste    Predictions: [5.0568695e-28 5.2066235e-25 4.1295751e-23 2.5413871e-20 3.2789088e-24
 5.2906848e-21 1.0000000e+00 2.0637992e-22 9.3327255e-17 4.8792322e-22]
Label: toothpaste    Predictions: [9.2780244e-17 1.9492382e-11 3.4757659e-12 1.3711617e-08 3.6120385e-13
 4.3579576e-12 1.0000000e+00 7.5191437e-15 2.8023694e-09 4.4312207e-13]
Label: toothpaste    Predictions: [3.4508854e-14 3.9732355e-09 7.2756132e-14 3.4694669e-12 1.4172463e-13
 1.0651445e-11 1.0000000e+00 4.2524649e-14 8.2908142e-12 2.2918833e-12]
Label: watermelon    Predictions: [4.2578758e-19 1.3104672e-19 2.9972010e-23 1.3208957e-20 3.1459362e-13
 1.5576479e-21 2.4708787e-18 1.0000000e+00 2.2524461e-20 1.8477466e-17]
Label: watermelon    Predictions: [3.2702644e-13 2.4611128e-19 7.7920039e-20 6.4992532e-18 8.1389886e-12
 2.9590486e-18 1.1572310e-12 1.0000000e+00 5.1244397e-16 1.8623714e-12]
Label: watermelon    Predictions: [1.6647804e-15 1.9426285e-18 1.6252982e-22 7.1611817e-20 1.8304230e-12
 8.3266952e-19 1.6444249e-15 1.0000000e+00 3.6154733e-19 5.7465519e-15]
Label: watermelon    Predictions: [7.1876873e-03 6.9788535e-07 4.0737427e-09 1.1042039e-06 4.9023191e-07
 2.3893344e-07 7.2134483e-08 9.9280375e-01 4.4721085e-09 5.9300678e-06]
Label: watermelon    Predictions: [3.2899562e-11 2.2780208e-15 3.6639088e-15 1.0801199e-15 2.8985497e-12
 2.5380098e-17 1.4045815e-14 1.0000000e+00 5.7019943e-19 2.3031544e-12]
Label: watermelon    Predictions: [3.2899562e-11 2.2780208e-15 3.6639088e-15 1.0801199e-15 2.8985497e-12
 2.5380098e-17 1.4045815e-14 1.0000000e+00 5.7019943e-19 2.3031544e-12]
Label: watermelon    Predictions: [2.3798712e-15 1.4202344e-16 4.2365501e-21 6.9976758e-18 7.5458888e-13
 1.1707808e-19 3.3505151e-15 1.0000000e+00 7.0093202e-19 1.7472788e-15]
Label: watermelon    Predictions: [4.6530342e-11 4.5508566e-16 1.4579298e-16 1.2454319e-15 1.3154197e-13
 3.0699495e-17 1.1464357e-15 1.0000000e+00 1.2328699e-19 1.3384589e-12]
Label: watermelon    Predictions: [9.9354959e-19 1.6616997e-19 2.8413217e-23 1.9138006e-20 2.5316424e-13
 1.9250827e-21 2.4283434e-18 1.0000000e+00 1.5144144e-20 2.2110836e-17]
Label: watermelon    Predictions: [9.6917876e-14 1.2484315e-18 1.0545180e-18 1.2337556e-17 5.8635714e-11
 2.0473444e-18 1.7960947e-12 1.0000000e+00 1.1025963e-15 3.9773237e-12]
Label: watermelon    Predictions: [4.2578758e-19 1.3104672e-19 2.9972010e-23 1.3208957e-20 3.1459362e-13
 1.5576479e-21 2.4708787e-18 1.0000000e+00 2.2524461e-20 1.8477466e-17]
Label: watermelon    Predictions: [1.9139054e-06 1.3132494e-08 2.8462135e-12 3.6760631e-10 4.0601424e-08
 7.4489390e-12 5.9859242e-09 9.9999809e-01 3.7711019e-12 3.1696629e-08]
Label: watermelon    Predictions: [9.1066738e-07 9.7290023e-11 2.0933715e-12 4.7616383e-11 6.7086949e-09
 7.9279508e-13 1.8902846e-11 9.9999905e-01 6.0730594e-15 1.3057395e-09]
Label: watermelon    Predictions: [1.04347215e-04 9.90604221e-08 2.04329065e-09 4.05234033e-08
 2.26449129e-06 6.74636880e-09 8.49124376e-07 9.99876976e-01
 1.23916488e-09 1.53707078e-05]
Label: watermelon    Predictions: [4.1854891e-11 4.2285380e-15 4.9818795e-17 8.4439402e-16 9.1239277e-13
 7.8492310e-18 8.8370583e-17 1.0000000e+00 4.2872267e-20 4.1363810e-14]
Label: watermelon    Predictions: [2.9781181e-11 5.6529698e-16 6.4153375e-16 3.7827073e-16 1.4751916e-12
 8.7011766e-18 7.1556022e-15 1.0000000e+00 2.7721748e-19 8.9862785e-13]
Label: watermelon    Predictions: [7.1790168e-08 3.6745256e-11 8.9923372e-15 4.8560342e-13 9.4300801e-10
 3.3615664e-13 9.3423307e-12 9.9999988e-01 3.8968603e-13 1.2620040e-10]
Label: watermelon    Predictions: [1.5864735e-07 3.2761547e-11 7.1116832e-14 4.0160939e-12 1.0419872e-08
 2.7736163e-13 1.1845157e-08 9.9999988e-01 9.2407124e-12 6.4056360e-10]
Label: watermelon    Predictions: [3.5994052e-09 1.9537426e-14 1.3767926e-13 1.5257978e-12 7.0030309e-10
 1.5887331e-14 6.2492587e-14 1.0000000e+00 1.8930020e-16 6.2845207e-10]
Label: watermelon    Predictions: [7.2189590e-16 1.4855430e-19 5.2228241e-22 2.3990076e-19 6.8885734e-13
 3.9778993e-20 1.3918206e-14 1.0000000e+00 1.9495994e-18 2.6641565e-14]
Label: wipes    Predictions: [1.6171314e-26 8.0555059e-25 2.4625755e-21 8.2118691e-20 4.5644979e-19
 2.0386459e-19 1.3618929e-12 5.6495346e-26 1.0000000e+00 1.0776925e-21]
Label: wipes    Predictions: [2.9550833e-37 0.0000000e+00 4.8016567e-32 2.7452172e-24 1.3749123e-30
 2.2601707e-24 6.7856951e-32 2.0093619e-33 1.0000000e+00 4.0496646e-26]
Label: wipes    Predictions: [2.4251381e-35 2.0173387e-36 6.6155915e-26 3.1807643e-19 5.2267984e-34
 2.5128476e-16 8.0798416e-27 2.9380138e-34 1.0000000e+00 2.3689986e-25]
Label: wipes    Predictions: [6.3160956e-23 5.3193755e-23 4.3657942e-16 7.4434736e-11 1.0970675e-21
 2.9753064e-08 4.6849596e-15 2.3756007e-21 1.0000000e+00 5.0882255e-17]
Label: wipes    Predictions: [6.2558003e-27 1.4648181e-26 3.9252573e-22 9.6009723e-21 3.2552619e-27
 2.9527373e-16 4.9365412e-14 4.8029149e-27 1.0000000e+00 4.5632318e-17]
Label: wipes    Predictions: [8.6708871e-34 1.2037627e-36 1.1529795e-22 5.4126152e-22 4.8062908e-33
 7.2684376e-19 2.6282327e-24 4.4436921e-30 1.0000000e+00 1.5383053e-26]
Label: wipes    Predictions: [3.4173899e-23 1.3697537e-24 6.9006832e-16 6.3336352e-22 1.2281627e-16
 9.8068498e-21 5.1935343e-04 5.1086468e-16 9.9948066e-01 3.8168514e-14]
Label: wipes    Predictions: [3.67242114e-35 9.18587330e-37 3.03278068e-26 3.67543617e-19
 6.14089131e-34 1.01202692e-15 1.14389115e-26 3.08941290e-34
 1.00000000e+00 1.56301362e-25]
Label: wipes    Predictions: [1.40094705e-34 1.15947695e-36 8.11754645e-31 1.04632653e-20
 7.34989222e-31 8.14682926e-24 1.47087071e-34 1.22097186e-35
 1.00000000e+00 7.08351655e-24]
Label: wipes    Predictions: [7.1307523e-37 0.0000000e+00 4.6559296e-33 1.6752923e-22 1.0221713e-33
 9.4799406e-26 2.9815212e-38 1.3206317e-38 1.0000000e+00 1.2275398e-25]
Label: wipes    Predictions: [2.0052362e-15 4.3705355e-14 8.0804273e-14 2.8362375e-14 7.0576505e-15
 5.1105864e-08 2.9299881e-03 6.7302447e-15 9.9706995e-01 1.1406783e-12]
Label: wipes    Predictions: [1.0345833e-18 5.9371755e-17 1.3364692e-15 5.5541893e-10 5.3849048e-18
 1.3421585e-07 7.3272135e-09 8.9405777e-17 9.9999988e-01 1.7792625e-14]
Label: wipes    Predictions: [0.0000000e+00 0.0000000e+00 5.0164597e-37 8.3802962e-26 1.6467103e-37
 2.7229104e-30 0.0000000e+00 0.0000000e+00 1.0000000e+00 1.8033841e-29]
Label: wipes    Predictions: [4.62273833e-29 3.18909323e-30 1.39296023e-25 7.13953070e-18
 1.35995155e-23 1.05420316e-20 9.18894693e-17 2.05141961e-31
 1.00000000e+00 1.72647337e-24]
Label: wipes    Predictions: [8.7819593e-23 9.6978355e-19 1.5597797e-19 9.6377915e-20 5.4621543e-21
 6.0937880e-17 3.0347644e-06 9.0414024e-21 9.9999702e-01 4.3593906e-16]
Label: wipes    Predictions: [0.0000000e+00 0.0000000e+00 0.0000000e+00 2.5799202e-36 0.0000000e+00
 0.0000000e+00 0.0000000e+00 0.0000000e+00 1.0000000e+00 9.6045894e-38]
Label: wipes    Predictions: [1.61205020e-26 2.97043513e-27 6.69103813e-21 1.16210156e-12
 6.60668216e-28 3.97728324e-17 1.21170085e-21 3.47920665e-28
 1.00000000e+00 1.05636086e-20]
Label: wipes    Predictions: [4.4473710e-38 0.0000000e+00 6.6644505e-34 1.3711394e-25 1.9573976e-37
 2.0712797e-26 3.7836598e-31 0.0000000e+00 1.0000000e+00 1.8766048e-28]
Label: wipes    Predictions: [4.6668595e-28 6.2712559e-28 5.4621407e-24 5.4965984e-20 9.8142192e-23
 4.6512654e-16 7.8260651e-13 1.9844845e-24 1.0000000e+00 7.6639415e-21]
Label: wipes    Predictions: [3.67242114e-35 9.18587330e-37 3.03278068e-26 3.67543617e-19
 6.14089131e-34 1.01202692e-15 1.14389115e-26 3.08941290e-34
 1.00000000e+00 1.56301362e-25]
Label: zoink    Predictions: [8.1650273e-32 5.6903820e-37 3.4733576e-21 1.2997844e-32 2.4911599e-26
 7.7271497e-20 2.2540427e-22 6.6008374e-28 3.4947333e-26 1.0000000e+00]
Label: zoink    Predictions: [5.6127476e-22 1.5943137e-27 3.5378242e-14 8.9606128e-11 2.0280608e-16
 1.5097893e-07 1.8635449e-18 1.7896676e-17 6.8098537e-08 9.9999976e-01]
Label: zoink    Predictions: [1.0995271e-28 2.0093552e-32 8.3138193e-24 3.1276969e-30 6.1136419e-25
 8.4442079e-21 9.7680692e-20 1.9615955e-25 2.0133533e-24 1.0000000e+00]
Label: zoink    Predictions: [2.7696493e-26 1.9731319e-31 1.0879723e-16 2.1229865e-28 1.0856930e-22
 3.5512291e-19 5.0265414e-20 2.3275549e-22 6.7991456e-24 1.0000000e+00]
Label: zoink    Predictions: [4.26203777e-13 9.62868089e-20 1.14978011e-05 5.53211350e-20
 3.75167764e-09 7.32241586e-17 1.48136205e-05 3.06597963e-06
 1.93493191e-14 9.99970675e-01]
Label: zoink    Predictions: [1.5884640e-32 1.5148398e-38 1.4611106e-21 2.0306537e-32 4.0462210e-26
 2.0602895e-16 2.5047615e-23 6.6398270e-29 9.0387171e-26 1.0000000e+00]
Label: zoink    Predictions: [2.2552623e-15 1.0323938e-20 4.8123059e-07 1.0240983e-19 5.4224594e-11
 1.1904292e-19 1.0339528e-08 3.3962976e-08 1.5803168e-16 9.9999952e-01]
Label: zoink    Predictions: [7.7062722e-29 1.0162860e-31 9.7982031e-24 6.7667804e-30 1.7093105e-24
 2.4343535e-18 6.7763798e-18 6.7269534e-26 2.2933837e-23 1.0000000e+00]
Label: zoink    Predictions: [4.4838538e-33 1.3123754e-38 3.1219435e-20 5.3543242e-33 4.3310889e-25
 2.5255446e-22 3.3890210e-26 1.0878963e-26 6.4330512e-25 1.0000000e+00]
Label: zoink    Predictions: [2.7257901e-22 7.1041736e-29 1.5250020e-14 3.9257187e-12 9.0305847e-18
 2.2129079e-08 4.3535330e-18 9.8219644e-17 2.1037103e-10 1.0000000e+00]
Label: zoink    Predictions: [1.5407156e-23 2.3591503e-33 5.4854999e-19 3.8728156e-21 1.2081908e-17
 7.6252069e-12 7.7370107e-25 9.7579666e-22 6.6757429e-13 1.0000000e+00]
Label: zoink    Predictions: [2.8673951e-26 2.2695714e-31 1.9002519e-12 8.4054113e-30 1.8914113e-19
 3.4776700e-19 9.5170242e-15 8.8905023e-20 5.4229669e-23 1.0000000e+00]
Label: zoink    Predictions: [1.5884640e-32 1.5148398e-38 1.4611106e-21 2.0306537e-32 4.0462210e-26
 2.0602895e-16 2.5047615e-23 6.6398270e-29 9.0387171e-26 1.0000000e+00]
Label: zoink    Predictions: [1.5884640e-32 1.5148398e-38 1.4611106e-21 2.0306537e-32 4.0462210e-26
 2.0602895e-16 2.5047615e-23 6.6398270e-29 9.0387171e-26 1.0000000e+00]
Label: zoink    Predictions: [7.7062722e-29 1.0162860e-31 9.7982031e-24 6.7667804e-30 1.7093105e-24
 2.4343535e-18 6.7763798e-18 6.7269534e-26 2.2933837e-23 1.0000000e+00]
Label: zoink    Predictions: [2.7924470e-19 4.1581707e-23 6.3876801e-13 1.3839384e-20 7.6172148e-15
 6.7817325e-18 1.3724174e-12 1.5569985e-16 4.6913366e-18 1.0000000e+00]
Label: zoink    Predictions: [1.4152955e-25 5.8729842e-30 2.2088940e-15 3.3084279e-28 8.5420474e-22
 1.4751195e-18 3.6085725e-18 1.6344574e-21 5.5854287e-23 1.0000000e+00]
Label: zoink    Predictions: [1.10241582e-22 8.15788391e-28 1.32518974e-14 1.07735026e-23
 1.65226432e-17 1.20313926e-12 2.10224334e-20 3.61553684e-22
 7.34511569e-19 1.00000000e+00]
Label: zoink    Predictions: [1.9533165e-23 7.0775405e-26 1.5263978e-19 3.0870370e-24 2.5901881e-19
 9.3014890e-16 6.7363099e-12 4.4559579e-18 1.5733256e-19 1.0000000e+00]
Label: zoink    Predictions: [4.0213688e-19 7.3781782e-24 6.2352535e-15 6.5400112e-12 9.1740961e-17
 3.9832666e-09 1.8029696e-16 6.6134513e-17 1.1302421e-13 1.0000000e+00]
