Label: climbing_hold    Predictions: [1.0000000e+00 5.1041697e-16 2.6065012e-13 3.3522298e-14 2.7102487e-10
 2.8512961e-18 1.2879443e-16 3.0013323e-15 3.9356658e-13 4.6555558e-11]
Label: climbing_hold    Predictions: [1.0000000e+00 9.7219922e-16 9.8598636e-13 1.8132934e-14 7.1828316e-10
 1.2006833e-17 6.6988408e-17 2.1657457e-14 1.9905280e-12 5.3361347e-11]
Label: climbing_hold    Predictions: [1.0000000e+00 3.3510843e-11 1.9741470e-10 1.5763035e-10 5.2629083e-09
 4.0405616e-14 3.3726385e-13 4.4546825e-11 1.1330238e-10 2.5164770e-10]
Label: climbing_hold    Predictions: [9.9999988e-01 3.0741629e-09 2.7096503e-09 2.4236528e-09 1.1341475e-07
 2.7732436e-11 1.0330096e-11 2.4089937e-08 9.6464063e-09 6.6461792e-09]
Label: climbing_hold    Predictions: [1.00000000e+00 1.13251335e-11 5.77262405e-10 9.88593984e-10
 1.19118369e-08 2.67696716e-14 1.03253246e-12 2.13870519e-11
 5.77559493e-11 8.35014902e-09]
Label: climbing_hold    Predictions: [1.00000000e+00 7.14095870e-15 3.91287610e-12 1.18799339e-12
 8.99006369e-10 1.12148486e-17 1.06335394e-15 3.94570512e-14
 6.08261217e-13 1.51790889e-11]
Label: climbing_hold    Predictions: [1.0000000e+00 2.8241516e-15 1.5922741e-13 3.0725083e-14 6.8518959e-09
 6.9432722e-18 1.0005718e-16 1.1405291e-12 9.7948017e-13 4.7704079e-14]
Label: climbing_hold    Predictions: [1.0000000e+00 1.0579945e-12 1.0018219e-10 1.7783120e-11 2.3091575e-09
 3.0658520e-14 1.7121000e-13 3.4289618e-12 4.2704264e-11 2.1230081e-08]
Label: climbing_hold    Predictions: [1.0000000e+00 2.2069988e-15 1.2265637e-14 1.9948815e-14 1.3142704e-10
 8.2649265e-18 6.8186232e-17 6.2060098e-14 9.3924021e-14 3.2686913e-14]
Label: climbing_hold    Predictions: [1.0000000e+00 5.1937927e-16 2.6661759e-13 3.4329825e-14 2.7772579e-10
 2.9670627e-18 1.3392910e-16 3.1661954e-15 4.0845452e-13 4.8674172e-11]
Label: climbing_hold    Predictions: [1.0000000e+00 1.9419211e-14 8.4096212e-13 1.1246729e-12 2.9284938e-10
 8.6472498e-16 4.8438096e-15 2.3412763e-12 1.1884218e-12 8.6229195e-13]
Label: climbing_hold    Predictions: [1.0000000e+00 1.6967337e-16 1.4944941e-13 6.4088347e-15 2.1666963e-10
 6.4905290e-19 9.9520780e-18 3.1110735e-15 1.9599432e-13 8.9983238e-12]
Label: climbing_hold    Predictions: [9.9999988e-01 1.8099460e-09 1.2027579e-09 1.1788737e-09 1.0855188e-07
 1.3015694e-11 9.3146810e-12 1.6881440e-08 5.5452580e-09 4.4993715e-09]
Label: climbing_hold    Predictions: [1.00000000e+00 3.91954837e-11 1.10535747e-10 8.77129203e-11
 1.47799391e-08 1.10831984e-13 4.60412090e-13 2.80935192e-10
 6.07566497e-10 3.18983756e-10]
Label: climbing_hold    Predictions: [1.0000000e+00 3.6485788e-16 5.3344344e-15 2.7730690e-15 3.1839961e-10
 5.3407764e-19 1.1351157e-17 2.5296334e-14 2.9127122e-14 1.0887872e-14]
Label: climbing_hold    Predictions: [1.00000000e+00 3.94899915e-16 5.75794024e-15 2.76880925e-15
 2.77560558e-10 6.24430993e-19 1.29514183e-17 2.73840670e-14
 3.37952085e-14 1.09190255e-14]
Label: climbing_hold    Predictions: [1.0000000e+00 4.6199305e-16 6.0911626e-15 3.0581474e-15 2.4378016e-10
 6.9953232e-19 1.4822784e-17 2.6406220e-14 3.6901685e-14 1.1199133e-14]
Label: climbing_hold    Predictions: [1.0000000e+00 8.5160167e-15 2.3173872e-12 9.3644125e-13 2.1270267e-10
 4.3418922e-17 1.9393660e-15 1.3180534e-14 1.8217992e-12 1.3392237e-10]
Label: climbing_hold    Predictions: [1.0000000e+00 5.1838590e-15 1.0622043e-12 3.8119234e-13 1.4036335e-10
 4.7701276e-17 3.4075762e-16 5.3030268e-15 1.0122351e-12 5.4373235e-11]
Label: climbing_hold    Predictions: [1.0000000e+00 3.5368689e-13 5.2824734e-11 6.1650181e-12 2.6497911e-09
 4.1702286e-15 8.2197297e-14 1.3632366e-12 1.7364913e-11 1.1070804e-08]
Label: clip    Predictions: [3.6599939e-08 9.9999738e-01 1.3388710e-09 2.2879099e-06 2.5252477e-08
 1.6799065e-09 3.5104512e-07 6.3214514e-09 1.5532738e-10 1.1432743e-09]
Label: clip    Predictions: [1.5325819e-06 9.9999213e-01 3.4026986e-08 2.4859894e-06 4.1434819e-07
 1.3519706e-07 1.9053274e-06 1.2918193e-06 3.0867893e-09 5.9549400e-08]
Label: clip    Predictions: [4.6327690e-07 9.9999428e-01 1.5221762e-08 1.2172927e-06 2.1178032e-08
 6.7444873e-08 3.3633776e-06 6.1432365e-07 4.8618181e-09 1.4918751e-08]
Label: clip    Predictions: [1.16222196e-07 9.99991417e-01 3.41647488e-09 7.31101090e-06
 4.71898822e-08 1.03652331e-08 1.05413119e-06 3.20402087e-08
 4.75180673e-10 2.93822211e-09]
Label: clip    Predictions: [9.63879998e-08 9.99977350e-01 5.14468539e-08 1.15300008e-06
 1.12373904e-07 2.20633387e-06 9.45782449e-06 9.42657789e-06
 7.64342190e-09 5.49538655e-08]
Label: clip    Predictions: [1.16222196e-07 9.99991417e-01 3.41647488e-09 7.31101090e-06
 4.71898822e-08 1.03652331e-08 1.05413119e-06 3.20402087e-08
 4.75180673e-10 2.93822211e-09]
Label: clip    Predictions: [3.4254874e-06 9.9941838e-01 6.8669618e-07 8.2965016e-06 1.0442394e-06
 6.2310255e-06 1.6827436e-04 3.9333347e-04 1.0366632e-07 3.0387366e-07]
Label: clip    Predictions: [2.5663883e-07 9.9999452e-01 3.0009928e-09 4.3215637e-06 4.7512636e-08
 5.3066792e-08 8.1637938e-07 8.1189754e-08 8.8569024e-10 7.0135160e-09]
Label: clip    Predictions: [1.8036563e-07 9.9996805e-01 2.3011917e-09 3.0343512e-05 5.8283817e-08
 1.8965995e-08 1.2841066e-06 6.0972165e-09 1.5458372e-09 3.7485419e-09]
Label: clip    Predictions: [7.7272335e-07 9.9995947e-01 1.1457331e-08 3.7431873e-05 5.9370853e-07
 6.2121842e-08 1.6670750e-06 2.8601715e-08 2.5333324e-09 1.1941904e-08]
Label: clip    Predictions: [1.16222196e-07 9.99991417e-01 3.41647488e-09 7.31101090e-06
 4.71898822e-08 1.03652331e-08 1.05413119e-06 3.20402087e-08
 4.75180673e-10 2.93822211e-09]
Label: clip    Predictions: [2.2206834e-06 9.9990547e-01 3.3204017e-07 4.9850412e-05 1.1322213e-06
 1.8043993e-06 3.3887627e-05 4.9646519e-06 6.4842105e-08 2.1378162e-07]
Label: clip    Predictions: [3.1907402e-07 9.9998200e-01 6.0942793e-09 1.6500780e-05 1.0856858e-07
 6.0314069e-09 1.0513384e-06 5.6915654e-09 2.7669518e-09 3.2469671e-09]
Label: clip    Predictions: [1.16222196e-07 9.99991417e-01 3.41647488e-09 7.31101090e-06
 4.71898822e-08 1.03652331e-08 1.05413119e-06 3.20402087e-08
 4.75180673e-10 2.93822211e-09]
Label: clip    Predictions: [1.3067550e-07 9.9998868e-01 7.9249221e-09 9.4951483e-06 5.7629059e-08
 2.5010191e-08 1.4763981e-06 6.3056234e-08 1.0731169e-09 4.8425415e-09]
Label: clip    Predictions: [1.1076817e-07 9.9999702e-01 8.7615720e-10 2.3700361e-06 2.3872284e-08
 1.9662590e-08 3.7109504e-07 2.6345135e-09 8.2821479e-11 9.7355768e-10]
Label: clip    Predictions: [2.0153253e-07 9.9999666e-01 8.5461455e-10 2.5325414e-06 6.3113539e-08
 1.0506492e-08 5.5148314e-07 2.4471587e-09 9.2076291e-11 1.1055906e-09]
Label: clip    Predictions: [7.1071685e-05 9.7727031e-01 4.7321832e-05 6.7419518e-04 4.7096943e-05
 5.9093622e-04 6.9240374e-03 1.4355288e-02 8.6539776e-06 1.1156385e-05]
Label: clip    Predictions: [7.3836645e-08 9.9998176e-01 3.3902573e-08 1.0909399e-06 8.5258378e-08
 5.5250513e-07 1.1357290e-05 5.0889184e-06 5.3062954e-09 3.5690228e-08]
Label: clip    Predictions: [1.16222196e-07 9.99991417e-01 3.41647488e-09 7.31101090e-06
 4.71898822e-08 1.03652331e-08 1.05413119e-06 3.20402087e-08
 4.75180673e-10 2.93822211e-09]
Label: dasani    Predictions: [6.4026276e-15 2.9884193e-17 1.0000000e+00 2.0427772e-14 8.9728463e-14
 7.8383443e-17 3.9801638e-11 4.1951030e-15 4.5476317e-11 2.9802173e-13]
Label: dasani    Predictions: [9.1691965e-01 7.1207683e-06 8.2211070e-02 4.2429110e-06 4.0710025e-04
 2.1954729e-07 1.3576474e-05 5.4535707e-05 2.8754323e-04 9.4923031e-05]
Label: dasani    Predictions: [7.0811717e-15 1.7728371e-17 1.0000000e+00 7.7655140e-14 3.8960785e-14
 1.8519462e-16 4.2258860e-11 1.6386576e-15 1.9480181e-12 1.2768393e-13]
Label: dasani    Predictions: [7.4867684e-01 4.2182023e-06 2.2752155e-01 1.1879250e-05 6.9537880e-03
 1.6098380e-07 8.7907420e-06 1.2323851e-05 1.6799131e-02 1.1333800e-05]
Label: dasani    Predictions: [1.5121188e-10 6.7763863e-12 9.9999988e-01 1.2329166e-08 2.9553773e-10
 2.4783588e-11 9.0054833e-08 2.2536133e-10 4.9109339e-09 8.8987111e-09]
Label: dasani    Predictions: [6.0595930e-01 4.6533423e-06 3.2164153e-01 2.0456595e-05 1.5393569e-02
 1.5600716e-07 2.7095781e-05 1.7647761e-05 5.6926262e-02 9.3186718e-06]
Label: dasani    Predictions: [5.2704856e-02 1.8090130e-04 8.6967349e-01 6.5737142e-04 9.9569960e-03
 2.0773545e-05 3.1940667e-03 1.9469500e-02 4.3923404e-02 2.1869197e-04]
Label: dasani    Predictions: [3.8010654e-01 2.8982575e-05 4.2948824e-01 1.3353271e-04 4.4697501e-02
 2.4337126e-06 1.9984477e-04 2.6491727e-04 1.4503013e-01 4.7913552e-05]
Label: dasani    Predictions: [7.0754475e-15 1.7676105e-17 1.0000000e+00 7.7218098e-14 3.9212025e-14
 1.8724616e-16 4.2037304e-11 1.6307567e-15 1.9488135e-12 1.2799580e-13]
Label: dasani    Predictions: [8.8255685e-03 4.1866628e-05 8.4580505e-01 5.7567657e-05 3.0451766e-03
 1.7635612e-05 8.4885340e-03 4.9988301e-03 1.2858889e-01 1.3092365e-04]
Label: dasani    Predictions: [4.31780263e-13 1.30999500e-15 1.00000000e+00 2.62106638e-11
 4.30487807e-12 1.46341967e-14 4.44206782e-10 2.57020442e-14
 4.73985053e-11 1.16406095e-11]
Label: dasani    Predictions: [6.1124333e-10 6.1944509e-13 9.9999297e-01 5.6283236e-09 4.6830912e-09
 5.1279926e-12 4.0595842e-06 1.5353238e-09 2.8178209e-07 2.6740961e-06]
Label: dasani    Predictions: [3.0883754e-02 8.7011220e-05 9.0237212e-01 1.4009439e-04 8.3472366e-03
 1.5602618e-05 4.5498586e-03 1.2341829e-02 4.1040257e-02 2.2225962e-04]
Label: dasani    Predictions: [9.3622640e-14 2.8046214e-16 1.0000000e+00 1.2446027e-12 1.2595235e-12
 5.2037681e-16 3.3572084e-10 1.2759963e-14 9.3107379e-12 1.1790502e-11]
Label: dasani    Predictions: [6.0497180e-13 4.1280324e-15 1.0000000e+00 6.3416013e-12 5.2473841e-12
 3.2686287e-14 7.2733979e-09 7.5818258e-13 2.3693106e-10 5.5645252e-11]
Label: dasani    Predictions: [1.0870733e-14 2.3951147e-17 1.0000000e+00 1.9007366e-13 8.9184682e-14
 3.9541997e-16 3.9716477e-11 2.2350169e-15 3.3812649e-12 3.8906449e-13]
Label: dasani    Predictions: [2.0799546e-14 6.8471391e-17 1.0000000e+00 2.4435521e-13 7.5843669e-14
 6.0247675e-16 4.1839487e-11 4.2738970e-15 5.7365618e-12 4.4196992e-13]
Label: dasani    Predictions: [6.3486648e-01 1.0533076e-06 3.5660973e-01 3.4411792e-06 1.8118210e-03
 2.0271518e-08 1.5869093e-06 1.5627478e-06 6.7009968e-03 3.3147321e-06]
Label: dasani    Predictions: [2.63723165e-01 1.23202954e-05 6.20140910e-01 1.62391389e-05
 1.37525694e-02 8.32574131e-07 2.22144095e-04 1.13781054e-04
 1.01965748e-01 5.22219889e-05]
Label: dasani    Predictions: [6.9604892e-01 1.9450526e-05 3.0136445e-01 1.1968492e-05 1.0421439e-03
 6.3272995e-07 6.2638384e-05 3.1099320e-04 9.2033495e-04 2.1848730e-04]
Label: glue    Predictions: [4.4217944e-05 1.2038228e-03 1.4437910e-07 9.9871790e-01 9.7188922e-07
 1.3381397e-06 2.7750879e-05 1.8079783e-08 2.2433110e-07 3.6226722e-06]
Label: glue    Predictions: [1.2500440e-04 2.3881482e-01 1.4257241e-06 7.6090354e-01 2.3016475e-05
 1.1512557e-05 1.0735025e-04 1.8159562e-07 4.1971798e-06 8.9365449e-06]
Label: glue    Predictions: [8.7239291e-09 1.2588376e-10 5.8548917e-09 9.9999964e-01 1.1365525e-08
 2.8912078e-10 6.1559462e-08 3.0931490e-12 1.6442115e-07 1.9118632e-08]
Label: glue    Predictions: [1.1316596e-08 1.7515002e-10 5.1177458e-09 9.9999964e-01 1.1439601e-08
 3.0397077e-10 6.7936632e-08 3.5039812e-12 2.0647771e-07 1.8709084e-08]
Label: glue    Predictions: [2.1831422e-08 4.9697013e-10 4.0568637e-10 9.9999988e-01 2.5671780e-09
 6.2926317e-09 4.0714411e-08 2.0145793e-12 4.1611532e-08 3.7002582e-08]
Label: glue    Predictions: [5.2390009e-04 1.3930656e-03 4.5245363e-07 9.9803847e-01 7.8025896e-06
 1.7726462e-06 1.5519079e-05 8.5094439e-07 1.0584721e-06 1.7185052e-05]
Label: glue    Predictions: [7.7757710e-07 2.6812188e-07 1.2625562e-04 9.9975246e-01 5.4859333e-07
 2.4068524e-06 4.6709727e-05 2.6772483e-07 4.8229875e-05 2.2037530e-05]
Label: glue    Predictions: [5.4252276e-05 4.0912911e-01 2.3848075e-05 5.8894676e-01 3.1400337e-05
 2.7673581e-04 1.4572992e-03 5.8905174e-05 8.6009022e-06 1.3128175e-05]
Label: glue    Predictions: [1.4788251e-04 7.4851513e-01 5.3340741e-06 2.4915455e-01 5.6204430e-05
 8.5519052e-05 2.0094814e-03 6.7597898e-06 3.8838052e-06 1.5266231e-05]
Label: glue    Predictions: [8.9452305e-04 1.0481917e-02 1.1286029e-06 9.8852545e-01 4.2167863e-05
 2.2437500e-06 2.6584541e-05 3.8979279e-06 6.9144704e-07 2.1392432e-05]
Label: glue    Predictions: [2.8523194e-02 4.5263019e-01 7.5582087e-05 5.1713467e-01 3.5643426e-04
 5.3798599e-04 1.0104765e-04 6.4807768e-06 4.0449580e-05 5.9401523e-04]
Label: glue    Predictions: [1.2328271e-06 9.8030978e-07 2.8418491e-08 9.9999678e-01 2.3443803e-07
 1.9931213e-07 4.3683198e-07 6.3522648e-10 7.3777500e-08 7.5184296e-08]
Label: glue    Predictions: [3.2350030e-07 1.6989206e-08 7.0391408e-09 9.9999845e-01 5.0962250e-08
 2.4386389e-07 3.7737431e-07 2.8798394e-10 2.4325718e-07 2.8175219e-07]
Label: glue    Predictions: [2.05319310e-07 1.01382334e-07 9.80229174e-07 9.99945998e-01
 2.41903564e-07 2.01177363e-06 6.91037656e-07 3.12421067e-09
 4.76983987e-05 1.99745091e-06]
Label: glue    Predictions: [6.2956396e-09 1.4224415e-10 2.6770953e-08 9.9999332e-01 2.9000500e-09
 3.3534647e-08 3.2328338e-09 1.2732449e-11 6.4487458e-06 1.6757284e-07]
Label: glue    Predictions: [3.1044779e-04 1.7476769e-02 1.4236899e-06 9.8213780e-01 1.5530208e-05
 5.8039723e-06 2.6941771e-05 3.3853141e-08 8.5657683e-07 2.4341511e-05]
Label: glue    Predictions: [2.5149589e-04 2.2330934e-03 7.0983623e-07 9.9743241e-01 3.5482708e-06
 2.0162929e-06 3.7254511e-05 4.3241773e-08 3.1570607e-07 3.9194976e-05]
Label: glue    Predictions: [2.3413460e-04 2.0015664e-01 1.6476363e-06 7.9949129e-01 3.9549803e-05
 7.0712572e-06 4.4014287e-05 1.6990117e-07 2.0305104e-06 2.3394521e-05]
Label: glue    Predictions: [2.2556925e-08 4.8834697e-10 2.3220086e-10 9.9999988e-01 3.9548471e-09
 1.7440518e-08 3.3435427e-08 3.3127234e-12 3.9017124e-08 2.1136705e-08]
Label: glue    Predictions: [5.11727833e-08 9.06909570e-09 3.63286267e-06 9.99974489e-01
 4.32697824e-08 4.03721486e-07 1.02462415e-07 3.58064067e-09
 2.01099556e-05 1.08577444e-06]
Label: spray_bottle    Predictions: [1.91891354e-06 6.69348674e-11 4.88662586e-08 4.22889057e-09
 9.99996424e-01 3.31210515e-12 2.50429881e-08 1.15969165e-10
 1.54274346e-06 3.21431859e-09]
Label: spray_bottle    Predictions: [5.4588036e-06 2.9277471e-08 9.6003724e-08 5.6192753e-09 9.9996901e-01
 3.5082257e-09 1.2802762e-07 2.4924377e-05 2.9101335e-07 5.1766719e-08]
Label: spray_bottle    Predictions: [5.3032813e-06 9.9867514e-10 1.4209353e-07 4.0913100e-08 9.9998534e-01
 1.2595189e-09 8.8086603e-07 1.3057597e-08 8.3493214e-06 1.2270314e-08]
Label: spray_bottle    Predictions: [7.9496938e-05 1.5507094e-08 5.7919095e-07 2.4538969e-07 9.9991763e-01
 4.6189122e-10 1.2916767e-07 2.0683133e-08 1.7474212e-06 1.2959289e-07]
Label: spray_bottle    Predictions: [5.4984778e-08 4.8521158e-14 3.0795182e-11 1.2769641e-12 1.0000000e+00
 1.6521329e-16 4.6043936e-13 1.3431406e-13 7.2597972e-10 2.7871053e-11]
Label: spray_bottle    Predictions: [7.32975680e-09 1.14054885e-11 1.02974544e-08 9.04729937e-12
 9.99999762e-01 1.16374477e-12 5.91838245e-10 2.78266953e-07
 7.73564057e-09 2.86215052e-10]
Label: spray_bottle    Predictions: [4.7205138e-08 7.4419117e-11 3.0415426e-09 8.8465110e-11 9.9999988e-01
 1.9266795e-11 1.4982396e-08 6.5200045e-09 1.7305102e-07 1.7862581e-09]
Label: spray_bottle    Predictions: [8.14058421e-09 1.71547204e-11 2.10304130e-09 1.13546785e-11
 1.00000000e+00 1.43783672e-12 3.04623393e-09 6.85648471e-09
 1.26027109e-08 2.70299533e-10]
Label: spray_bottle    Predictions: [1.5870307e-06 1.4541741e-09 9.3240281e-08 6.0517942e-09 9.9997675e-01
 2.6573770e-09 2.2264444e-06 2.5933508e-08 1.9294170e-05 2.6408658e-08]
Label: spray_bottle    Predictions: [7.4015469e-09 3.6084974e-10 5.2780319e-07 4.2844853e-10 9.9993312e-01
 4.6002719e-11 7.1428008e-10 6.6438857e-05 7.1619852e-09 7.4498581e-09]
Label: spray_bottle    Predictions: [1.9881204e-02 1.1662277e-06 2.0573934e-05 2.4069302e-06 9.7940791e-01
 2.1930379e-08 5.7231823e-06 6.3907017e-04 3.6955287e-05 4.9394821e-06]
Label: spray_bottle    Predictions: [6.3979626e-03 8.1742524e-10 5.4100673e-07 1.2229819e-08 9.9360067e-01
 1.2627719e-11 4.4096802e-09 3.2573748e-08 6.1713240e-07 1.8135287e-07]
Label: spray_bottle    Predictions: [5.4984778e-08 4.8521158e-14 3.0795182e-11 1.2769641e-12 1.0000000e+00
 1.6521329e-16 4.6043936e-13 1.3431406e-13 7.2597972e-10 2.7871053e-11]
Label: spray_bottle    Predictions: [2.83374339e-02 4.95599295e-08 5.56165560e-06 3.43713708e-07
 9.71651018e-01 4.53420274e-10 1.09619926e-07 1.82383928e-06
 1.91732420e-06 1.61764376e-06]
Label: spray_bottle    Predictions: [3.4192519e-05 3.4467182e-10 1.5275151e-07 3.3559470e-08 9.9996078e-01
 4.9251987e-12 9.1903409e-09 2.3124815e-10 4.8089005e-06 8.3170342e-08]
Label: spray_bottle    Predictions: [5.39554865e-04 2.21698215e-07 3.00435090e-06 9.72506768e-06
 9.99281466e-01 1.09926226e-07 1.61530406e-05 3.49806243e-07
 1.46039936e-04 3.29837212e-06]
Label: spray_bottle    Predictions: [7.4082855e-05 5.2950382e-09 1.5662630e-07 5.2523614e-08 9.9992371e-01
 7.8452481e-11 7.2417530e-09 1.0022702e-08 1.6305403e-06 4.2848762e-07]
Label: spray_bottle    Predictions: [3.5228332e-08 1.4319493e-09 5.3800932e-06 2.1498359e-09 9.9997139e-01
 2.9331057e-10 1.9454962e-09 2.2537397e-05 6.8387624e-07 3.2405122e-08]
Label: spray_bottle    Predictions: [1.0981263e-09 1.1554551e-11 1.3217974e-08 1.0704349e-11 9.9999917e-01
 1.1438242e-12 2.2980820e-10 8.6284831e-07 1.3469238e-09 2.7921859e-10]
Label: spray_bottle    Predictions: [2.46138316e-05 1.49281391e-06 6.99220573e-06 2.13221227e-07
 1.18846424e-01 1.26836184e-07 6.53080747e-07 8.81114125e-01
 2.12713394e-06 3.31276738e-06]
Label: toothbrushes    Predictions: [1.6782887e-07 4.6179615e-08 2.8774809e-07 1.0117327e-05 2.6489568e-07
 9.9998355e-01 1.7704256e-06 3.4706282e-08 1.9860736e-06 1.8730797e-06]
Label: toothbrushes    Predictions: [7.5351263e-09 3.4482932e-09 1.2013570e-08 3.3317653e-07 9.7362545e-09
 9.9999940e-01 5.5073649e-08 1.2662716e-09 6.7124510e-08 1.3066332e-07]
Label: toothbrushes    Predictions: [2.1221672e-08 6.6727810e-09 6.3351855e-08 4.7986993e-07 4.4664063e-08
 9.9999857e-01 2.1053502e-07 1.1465140e-09 4.6884267e-07 1.8150968e-07]
Label: toothbrushes    Predictions: [4.0306979e-08 6.7996764e-09 4.6491755e-07 3.8717512e-06 1.3365614e-07
 9.9997699e-01 5.1850856e-07 1.1187103e-08 1.7466427e-05 5.3468989e-07]
Label: toothbrushes    Predictions: [2.0782865e-08 3.0745080e-09 2.6310281e-07 2.5900858e-06 7.4620331e-08
 9.9998248e-01 2.8874732e-07 5.5180776e-09 1.3940528e-05 3.2008847e-07]
Label: toothbrushes    Predictions: [8.1653305e-08 1.4380042e-08 9.5583039e-07 3.8389121e-06 5.9364368e-07
 9.9969304e-01 6.4176135e-07 3.1159125e-08 2.9943732e-04 1.3771534e-06]
Label: toothbrushes    Predictions: [8.9309543e-07 2.5291052e-07 9.7209011e-07 1.7679246e-04 1.5736277e-06
 9.9960846e-01 3.7076463e-06 8.1905156e-08 1.5491112e-04 5.2442927e-05]
Label: toothbrushes    Predictions: [5.5402465e-06 7.0585207e-07 3.6860361e-05 1.2191020e-04 4.1712770e-05
 9.9937099e-01 9.5896692e-05 4.1049839e-06 2.8810892e-04 3.4300345e-05]
Label: toothbrushes    Predictions: [2.8355277e-07 1.3405280e-07 5.6859676e-07 1.9188990e-03 2.1199688e-07
 9.9476963e-01 1.2552102e-05 6.0275575e-08 3.0569260e-03 2.4075570e-04]
Label: toothbrushes    Predictions: [8.5441656e-07 6.3984061e-07 2.0969642e-06 8.1501761e-04 3.1285344e-06
 9.9900681e-01 6.6378284e-06 9.3856659e-07 1.4637414e-04 1.7436723e-05]
Label: toothbrushes    Predictions: [2.0782865e-08 3.0745080e-09 2.6310281e-07 2.5900858e-06 7.4620331e-08
 9.9998248e-01 2.8874732e-07 5.5180776e-09 1.3940528e-05 3.2008847e-07]
Label: toothbrushes    Predictions: [6.1713553e-07 1.2112108e-07 1.2137855e-06 1.5192395e-05 3.0357735e-06
 9.9985361e-01 1.1449970e-06 1.2014414e-07 1.2379131e-04 1.1112645e-06]
Label: toothbrushes    Predictions: [2.0782865e-08 3.0745080e-09 2.6310281e-07 2.5900858e-06 7.4620331e-08
 9.9998248e-01 2.8874732e-07 5.5180776e-09 1.3940528e-05 3.2008847e-07]
Label: toothbrushes    Predictions: [2.3626756e-06 1.2144636e-06 7.1756898e-05 6.1923769e-05 1.6175230e-06
 9.9883264e-01 1.6690916e-04 3.0554972e-08 1.7310861e-04 6.8831095e-04]
Label: toothbrushes    Predictions: [2.7863254e-07 2.5022029e-08 2.3231560e-07 3.3078793e-06 2.2199274e-07
 9.9995458e-01 2.6946148e-07 2.1505432e-08 3.7139685e-05 4.0331111e-06]
Label: toothbrushes    Predictions: [1.8842032e-11 3.4330583e-12 1.6030724e-11 5.4600495e-12 3.0910977e-12
 1.0000000e+00 3.9923499e-08 3.9224014e-13 1.1776760e-09 3.6417642e-09]
Label: toothbrushes    Predictions: [1.3328979e-07 5.3610133e-08 2.2082190e-06 1.3428986e-05 2.7784932e-07
 9.9993491e-01 3.1742572e-06 5.0069904e-09 2.0267033e-05 2.5527497e-05]
Label: toothbrushes    Predictions: [2.27939677e-06 3.55105431e-06 7.74528744e-05 1.00649675e-04
 1.82696579e-06 9.98283386e-01 1.25788836e-04 4.17088941e-08
 8.02391733e-05 1.32490764e-03]
Label: toothbrushes    Predictions: [6.48553655e-10 6.13213091e-10 1.42251722e-09 6.98214764e-10
 7.02791922e-11 9.99983191e-01 1.63185141e-05 1.05922965e-10
 2.21758924e-07 2.61003720e-07]
Label: toothbrushes    Predictions: [8.15864876e-11 2.27337541e-11 1.29289954e-10 9.03494987e-12
 1.25462965e-11 9.99999404e-01 6.16478360e-07 2.10391145e-12
 1.70056591e-08 1.14291954e-08]
Label: toothpaste    Predictions: [1.6903147e-13 1.5007613e-13 1.9506069e-11 5.8743056e-15 1.7890481e-12
 1.8436141e-13 1.0000000e+00 3.2482717e-12 7.2795346e-12 4.3453891e-13]
Label: toothpaste    Predictions: [3.8298583e-13 2.8783294e-13 4.1492434e-11 1.2264755e-13 2.1094227e-11
 4.4802064e-13 1.0000000e+00 5.3134224e-12 4.6148432e-11 8.8451197e-13]
Label: toothpaste    Predictions: [9.9591715e-12 1.0122702e-11 7.3927751e-08 1.9985261e-14 1.5286283e-09
 6.3269914e-09 9.9999988e-01 2.0224265e-11 1.9077673e-10 3.2609522e-13]
Label: toothpaste    Predictions: [9.9591715e-12 1.0122702e-11 7.3927751e-08 1.9985261e-14 1.5286283e-09
 6.3269914e-09 9.9999988e-01 2.0224265e-11 1.9077673e-10 3.2609522e-13]
Label: toothpaste    Predictions: [2.0117696e-11 1.9799150e-11 1.5658686e-07 3.5461343e-14 2.4960038e-09
 2.5150719e-09 9.9999988e-01 4.0644599e-11 2.3194511e-09 1.9714204e-12]
Label: toothpaste    Predictions: [3.9752307e-10 3.3314972e-11 1.0281803e-05 8.1552473e-13 2.5416186e-08
 4.8714028e-09 9.9998963e-01 5.0356691e-10 1.2540481e-07 1.0442735e-10]
Label: toothpaste    Predictions: [7.0974693e-10 3.0347336e-09 3.5794837e-08 3.7260833e-10 2.1133642e-08
 1.6212908e-08 9.9999988e-01 1.3752270e-07 1.7241245e-08 5.3046914e-09]
Label: toothpaste    Predictions: [1.06433654e-10 7.07454234e-11 3.92370521e-06 1.43652532e-13
 7.38731520e-09 1.42257948e-08 9.99995947e-01 9.86545706e-11
 7.53622587e-08 1.48721573e-11]
Label: toothpaste    Predictions: [1.4132228e-11 2.3222686e-11 8.7953453e-08 4.4255083e-14 2.5490567e-09
 1.4068431e-08 9.9999988e-01 2.7788298e-11 1.7892032e-10 4.6909276e-13]
Label: toothpaste    Predictions: [2.3971957e-12 5.5931783e-12 5.8823659e-08 3.5538385e-15 1.4452075e-09
 3.6976817e-09 1.0000000e+00 5.8098873e-12 9.4560311e-11 9.1382041e-14]
Label: toothpaste    Predictions: [9.9591715e-12 1.0122702e-11 7.3927751e-08 1.9985261e-14 1.5286283e-09
 6.3269914e-09 9.9999988e-01 2.0224265e-11 1.9077673e-10 3.2609522e-13]
Label: toothpaste    Predictions: [1.5223856e-06 5.6027744e-08 1.2266515e-05 4.4323048e-07 1.1092764e-03
 6.4834403e-06 9.7628671e-01 4.7857185e-07 2.2570206e-02 1.2558113e-05]
Label: toothpaste    Predictions: [2.1589032e-05 1.3712882e-05 3.8873401e-04 2.6300551e-02 2.0706604e-05
 1.2678315e-03 9.5448619e-01 2.5140526e-04 3.9036903e-03 1.3345592e-02]
Label: toothpaste    Predictions: [9.9591715e-12 1.0122702e-11 7.3927751e-08 1.9985261e-14 1.5286283e-09
 6.3269914e-09 9.9999988e-01 2.0224265e-11 1.9077673e-10 3.2609522e-13]
Label: toothpaste    Predictions: [9.4761963e-15 1.0269534e-14 2.3988470e-12 3.4107362e-16 2.7556459e-13
 1.7474564e-14 1.0000000e+00 1.8952269e-13 9.3900788e-13 6.6833834e-14]
Label: toothpaste    Predictions: [1.8060115e-13 6.1161491e-14 8.6800393e-11 2.8619705e-14 2.0709471e-12
 4.3887859e-13 1.0000000e+00 4.4679798e-12 7.8399683e-11 1.0390877e-12]
Label: toothpaste    Predictions: [6.6594131e-13 4.8348803e-13 2.0213595e-10 2.0213807e-12 1.7522218e-11
 1.7800477e-13 1.0000000e+00 4.1050414e-12 8.4387089e-12 5.3606425e-13]
Label: toothpaste    Predictions: [7.5724569e-14 1.4480625e-14 4.5806338e-11 4.7117542e-15 9.7523552e-13
 1.8895996e-13 1.0000000e+00 1.7497428e-12 2.5644547e-11 3.9013454e-13]
Label: toothpaste    Predictions: [7.9094301e-12 8.6682883e-12 5.6689348e-10 5.5263950e-11 1.6073902e-10
 1.4254288e-12 1.0000000e+00 1.7597274e-11 6.0187182e-11 3.5633122e-12]
Label: toothpaste    Predictions: [2.8871975e-08 8.8574131e-07 5.7481157e-07 5.1398150e-08 4.6542692e-07
 3.8241346e-08 9.9999726e-01 4.9830459e-07 1.8494292e-07 2.9454570e-08]
Label: watermelon    Predictions: [2.3871978e-09 1.7518310e-11 7.8946932e-11 7.6477026e-14 4.6578430e-09
 8.8603292e-14 2.5570782e-12 1.0000000e+00 1.7068612e-12 4.3983268e-11]
Label: watermelon    Predictions: [2.4793280e-07 3.9819570e-10 1.4958373e-09 1.6931428e-11 5.2308753e-08
 3.2784171e-11 5.2083504e-10 9.9999976e-01 3.5083519e-10 4.7653081e-09]
Label: watermelon    Predictions: [1.47834029e-08 1.66661485e-09 3.55636365e-09 1.40051954e-11
 3.25560421e-07 1.86671043e-11 8.99621821e-10 9.99999642e-01
 3.55152852e-10 7.42778894e-10]
Label: watermelon    Predictions: [5.4511911e-06 5.2556265e-07 6.2954437e-05 1.3067034e-06 7.2969137e-06
 2.1007504e-07 9.2718722e-07 9.9992001e-01 2.8628952e-07 9.7961788e-07]
Label: watermelon    Predictions: [1.8072670e-08 1.9867030e-10 1.1107816e-05 3.5567435e-10 2.6845188e-07
 5.9384303e-11 4.1060130e-08 9.9998868e-01 7.7248576e-11 3.6081985e-08]
Label: watermelon    Predictions: [1.8072670e-08 1.9867030e-10 1.1107816e-05 3.5567435e-10 2.6845188e-07
 5.9384303e-11 4.1060130e-08 9.9998868e-01 7.7248576e-11 3.6081985e-08]
Label: watermelon    Predictions: [1.1945784e-08 1.2641410e-10 1.6438459e-10 6.1627933e-13 3.5390149e-09
 6.1682143e-13 1.1168327e-11 1.0000000e+00 2.5854197e-12 1.2161393e-10]
Label: watermelon    Predictions: [1.0501822e-07 1.0148605e-08 1.1242507e-04 2.0048203e-08 3.0155509e-06
 8.9290264e-09 4.5539122e-07 9.9988365e-01 6.8260424e-09 3.9485616e-07]
Label: watermelon    Predictions: [2.3061073e-09 1.8103482e-11 6.5629197e-11 6.7487262e-14 3.8035646e-09
 7.5018428e-14 1.9713155e-12 1.0000000e+00 1.3913815e-12 4.4956188e-11]
Label: watermelon    Predictions: [1.9343347e-06 4.1629753e-09 1.2741437e-08 1.5245939e-10 6.4974267e-07
 1.4859514e-10 4.9229638e-09 9.9999750e-01 1.8315109e-09 2.3760366e-08]
Label: watermelon    Predictions: [2.3871978e-09 1.7518310e-11 7.8946932e-11 7.6477026e-14 4.6578430e-09
 8.8603292e-14 2.5570782e-12 1.0000000e+00 1.7068612e-12 4.3983268e-11]
Label: watermelon    Predictions: [6.4649817e-06 9.8875068e-07 1.2660212e-03 3.9257748e-06 1.3976358e-04
 1.5419542e-06 2.0158073e-04 9.9836928e-01 7.7360016e-07 9.7407310e-06]
Label: watermelon    Predictions: [4.6415917e-05 4.4145523e-07 2.8652691e-03 1.2871589e-06 2.0241299e-04
 2.9200513e-07 2.3778446e-04 9.9663627e-01 4.0076833e-07 9.5036903e-06]
Label: watermelon    Predictions: [4.4553035e-06 9.8841224e-07 1.4568791e-04 1.7537822e-06 1.4755648e-05
 1.6777900e-06 3.8393187e-05 9.9978799e-01 6.6788044e-07 3.6534286e-06]
Label: watermelon    Predictions: [2.40271145e-08 2.19050245e-09 1.07308075e-07 1.69191688e-10
 6.00181735e-08 3.63939351e-10 6.70325040e-09 9.99999762e-01
 6.79775236e-10 5.95782312e-09]
Label: watermelon    Predictions: [3.8925990e-08 1.4728740e-09 2.0055097e-05 1.3959315e-09 6.6529452e-07
 4.2188489e-10 1.3912255e-07 9.9997890e-01 4.0590309e-10 9.8337047e-08]
Label: watermelon    Predictions: [2.4355415e-04 2.5413095e-07 5.2380238e-07 1.1953090e-08 3.9249848e-05
 3.9738477e-08 1.0376476e-07 9.9971503e-01 6.8967488e-08 1.0811102e-06]
Label: watermelon    Predictions: [2.7363569e-07 1.1874284e-08 2.3281112e-08 2.6442540e-10 4.3374780e-07
 8.3492457e-10 1.3896425e-09 9.9999917e-01 1.2941384e-09 5.0090798e-09]
Label: watermelon    Predictions: [2.0002678e-07 4.3270332e-10 3.2854075e-08 6.4281518e-11 8.3151214e-08
 5.4977439e-11 2.6731006e-09 9.9999964e-01 1.1741873e-10 3.3231839e-08]
Label: watermelon    Predictions: [6.1366927e-06 3.7164739e-08 2.9707857e-07 1.1573132e-09 9.2456949e-06
 6.7269790e-09 2.1826187e-07 9.9998379e-01 7.5998642e-08 1.4598912e-07]
Label: wipes    Predictions: [5.0284470e-08 1.5575805e-11 1.0962957e-08 2.1575600e-10 1.4063278e-07
 2.4054279e-09 7.3650995e-08 4.2152164e-11 9.9999917e-01 5.9348241e-07]
Label: wipes    Predictions: [2.3490763e-09 7.2868106e-13 3.8529091e-09 2.5628826e-09 3.8816268e-08
 3.8597423e-09 2.6132839e-11 3.1173150e-12 1.0000000e+00 1.8584744e-09]
Label: wipes    Predictions: [2.2717197e-12 2.0915372e-16 5.1719198e-11 2.8165885e-11 5.0174235e-12
 6.3840383e-13 1.7840297e-11 3.6339539e-15 1.0000000e+00 1.4110341e-10]
Label: wipes    Predictions: [3.97588584e-09 4.04333121e-12 1.13828612e-07 1.06761725e-07
 8.47749781e-09 1.41087027e-08 9.58624025e-09 2.21698923e-10
 9.99997377e-01 2.35450580e-06]
Label: wipes    Predictions: [1.4554127e-08 4.9024429e-10 1.6366823e-07 1.1773059e-06 1.7582437e-08
 1.6482147e-04 1.1432494e-06 1.7824386e-10 9.9982256e-01 1.0153954e-05]
Label: wipes    Predictions: [3.9810460e-10 6.8760487e-13 9.6789947e-08 3.2156542e-09 2.7593894e-10
 1.5042806e-09 1.9521793e-09 1.4309128e-11 9.9999988e-01 1.9154032e-09]
Label: wipes    Predictions: [1.4036053e-08 2.9910894e-12 6.7154087e-07 1.7544847e-12 2.2429720e-08
 7.5352337e-12 5.7909226e-01 1.7073909e-09 4.2090303e-01 4.0303676e-06]
Label: wipes    Predictions: [9.82262232e-13 9.02886829e-17 2.49476412e-11 1.24740765e-11
 2.59847612e-12 2.31515057e-13 7.97234587e-12 1.46301140e-15
 1.00000000e+00 9.38657763e-11]
Label: wipes    Predictions: [3.7798376e-12 2.4836776e-15 9.9833315e-11 1.1388835e-12 9.7726660e-10
 6.8288024e-13 5.4714128e-12 6.3883072e-15 1.0000000e+00 1.4553455e-09]
Label: wipes    Predictions: [1.1405834e-12 6.5222088e-16 1.0163505e-11 3.9404355e-13 3.0655953e-10
 3.0124956e-13 6.4108457e-13 1.3994224e-15 1.0000000e+00 4.0289574e-10]
Label: wipes    Predictions: [8.0035043e-08 5.7954941e-10 2.2569861e-06 2.1326378e-09 7.5024343e-07
 3.5927725e-09 9.9665811e-04 2.2383226e-08 9.9899918e-01 1.0506476e-06]
Label: wipes    Predictions: [7.9760390e-08 4.8655802e-10 2.6468275e-05 4.6545797e-06 1.1585061e-06
 2.0662718e-07 5.3160798e-05 3.0564713e-08 9.9989653e-01 1.7790970e-05]
Label: wipes    Predictions: [4.9974856e-14 9.0740605e-18 4.6378873e-13 1.4955342e-14 2.1711256e-11
 2.4347657e-15 2.4933795e-15 6.0704626e-18 1.0000000e+00 9.7780447e-12]
Label: wipes    Predictions: [6.3848260e-09 2.7800620e-12 1.1589152e-09 3.5100239e-10 1.3549124e-08
 1.7055253e-09 3.8912442e-09 1.1037678e-11 9.9999940e-01 5.4960861e-07]
Label: wipes    Predictions: [7.0206320e-11 4.8123764e-14 6.8170944e-09 1.4774874e-12 1.0532168e-09
 2.2460729e-12 7.0824849e-06 2.4561709e-12 9.9999297e-01 6.3187713e-09]
Label: wipes    Predictions: [5.2205321e-15 2.0562337e-20 7.5931821e-14 4.4444867e-16 1.7657878e-13
 6.2746890e-17 3.9423445e-17 2.4113927e-20 1.0000000e+00 1.9381033e-13]
Label: wipes    Predictions: [3.37405763e-11 1.24116415e-14 5.80466453e-10 3.06065256e-10
 1.82790501e-11 2.53132168e-11 1.02880621e-10 4.96362229e-13
 1.00000000e+00 6.52194609e-09]
Label: wipes    Predictions: [5.7834044e-13 1.2813433e-16 5.3928880e-12 5.3878684e-13 1.6883992e-11
 1.5381950e-13 3.6135975e-12 5.5594086e-16 1.0000000e+00 1.1658131e-09]
Label: wipes    Predictions: [1.5802686e-09 1.8213079e-13 7.1780157e-08 3.5701296e-11 2.7372016e-09
 4.2524137e-11 1.5006719e-06 1.3666449e-11 9.9999785e-01 6.1033853e-07]
Label: wipes    Predictions: [9.82262232e-13 9.02886829e-17 2.49476412e-11 1.24740765e-11
 2.59847612e-12 2.31515057e-13 7.97234587e-12 1.46301140e-15
 1.00000000e+00 9.38657763e-11]
Label: zoink    Predictions: [1.9462044e-17 5.3629221e-21 2.5397570e-14 4.9510689e-19 1.6086358e-17
 1.7861149e-17 4.9507124e-18 6.2158924e-17 2.1824922e-16 1.0000000e+00]
Label: zoink    Predictions: [1.5095083e-08 4.6124850e-13 8.5028065e-09 1.3943099e-09 6.9973100e-10
 4.5298938e-09 4.0574426e-13 1.1481585e-12 9.8772284e-07 9.9999905e-01]
Label: zoink    Predictions: [3.2060086e-13 1.0924592e-17 8.0764860e-11 1.6812641e-16 3.2707493e-14
 2.1241723e-14 5.0091923e-15 8.4757272e-16 3.4754839e-14 1.0000000e+00]
Label: zoink    Predictions: [1.9316652e-15 6.3172895e-19 4.5566680e-12 7.8103174e-17 5.4180235e-16
 7.3814734e-16 1.2144208e-15 1.8878613e-15 2.2924394e-15 1.0000000e+00]
Label: zoink    Predictions: [2.9477403e-06 3.0019699e-11 5.9295322e-05 1.4534926e-10 2.5086586e-09
 1.5698342e-08 3.7302641e-08 4.0471231e-09 5.8936758e-09 9.9993765e-01]
Label: zoink    Predictions: [2.5011981e-17 1.4222801e-21 2.1528997e-14 2.0218400e-19 2.7668095e-18
 1.2373991e-17 5.8200035e-19 3.0361284e-17 8.3988644e-17 1.0000000e+00]
Label: zoink    Predictions: [2.8496473e-07 5.3449579e-13 1.7313036e-05 6.5424406e-12 1.6046847e-10
 4.0864898e-10 3.7937666e-09 3.7398024e-10 5.1537807e-10 9.9998236e-01]
Label: zoink    Predictions: [2.6373668e-13 5.6414388e-18 2.5113210e-11 8.1428500e-17 5.7093409e-15
 1.2999797e-14 7.7761627e-16 2.8622514e-16 1.9362585e-14 1.0000000e+00]
Label: zoink    Predictions: [6.3392184e-16 3.4778008e-20 3.2075745e-13 3.9312892e-18 5.6061299e-17
 1.5936854e-15 1.6743757e-18 4.1488197e-17 3.1883392e-15 1.0000000e+00]
Label: zoink    Predictions: [4.5437545e-08 2.8110966e-12 2.3145295e-08 1.1851238e-08 2.0769508e-09
 2.7508428e-08 2.1603969e-12 6.2777938e-12 3.6672536e-06 9.9999619e-01]
Label: zoink    Predictions: [6.0432054e-12 7.2289312e-17 5.0018514e-11 1.3161617e-14 1.2024253e-13
 1.5510508e-11 4.7068112e-16 2.7219965e-15 3.3015241e-10 1.0000000e+00]
Label: zoink    Predictions: [1.72324962e-16 2.78449965e-20 1.91160388e-13 1.07623580e-18
 1.24058944e-17 6.21001411e-17 1.00648247e-16 1.22188301e-16
 4.80171199e-17 1.00000000e+00]
Label: zoink    Predictions: [2.5011981e-17 1.4222801e-21 2.1528997e-14 2.0218400e-19 2.7668095e-18
 1.2373991e-17 5.8200035e-19 3.0361284e-17 8.3988644e-17 1.0000000e+00]
Label: zoink    Predictions: [2.5011981e-17 1.4222801e-21 2.1528997e-14 2.0218400e-19 2.7668095e-18
 1.2373991e-17 5.8200035e-19 3.0361284e-17 8.3988644e-17 1.0000000e+00]
Label: zoink    Predictions: [2.6373668e-13 5.6414388e-18 2.5113210e-11 8.1428500e-17 5.7093409e-15
 1.2999797e-14 7.7761627e-16 2.8622514e-16 1.9362585e-14 1.0000000e+00]
Label: zoink    Predictions: [2.0545182e-11 1.5839094e-15 1.5502218e-08 7.1826217e-15 6.4837187e-13
 5.9694342e-14 5.8567725e-12 6.3644362e-14 1.7023539e-13 1.0000000e+00]
Label: zoink    Predictions: [1.4713396e-15 4.7086181e-19 3.6767677e-12 4.2714803e-17 1.7259931e-16
 3.6006418e-16 8.3972348e-16 1.6347179e-15 6.1736192e-16 1.0000000e+00]
Label: zoink    Predictions: [5.2944342e-12 1.1360527e-15 3.5590231e-10 3.0973401e-13 3.3492854e-13
 3.4432685e-12 8.9520595e-14 2.7593856e-13 9.5630023e-12 1.0000000e+00]
Label: zoink    Predictions: [9.8676893e-13 3.2330536e-16 1.2460148e-10 6.2899854e-15 4.2553699e-14
 4.2869644e-13 1.8369370e-14 7.9264835e-15 4.7289168e-14 1.0000000e+00]
Label: zoink    Predictions: [1.8899256e-06 1.2181643e-09 3.3761394e-06 2.8880543e-06 3.6864432e-07
 6.9070018e-07 1.7231288e-08 1.8709211e-07 1.1461366e-05 9.9997914e-01]
