Label: climbing_hold    Predictions: [9.9999690e-01 2.5849509e-10 1.4067066e-09 2.4608701e-08 2.9253033e-06
 5.2401472e-08 1.3079875e-09 2.5073588e-08 8.3000967e-11 1.2012642e-07]
Label: climbing_hold    Predictions: [1.0000000e+00 1.7301989e-12 6.9997463e-10 1.7325530e-09 7.2433690e-09
 1.5300666e-09 5.4248932e-11 5.9109945e-10 9.0334736e-12 4.1916208e-09]
Label: climbing_hold    Predictions: [9.9999988e-01 6.0999231e-13 1.8959212e-09 7.1003976e-09 1.4443408e-07
 2.9056719e-09 8.5505381e-11 1.8352560e-10 1.6120808e-11 1.3546288e-08]
Label: clip    Predictions: [8.1161198e-07 9.9965000e-01 4.9350078e-06 4.8902239e-06 1.2211454e-05
 2.1843730e-06 2.8695882e-04 3.3060791e-05 2.4685219e-06 2.5713011e-06]
Label: clip    Predictions: [1.3119073e-07 9.9980015e-01 1.4419860e-06 4.5970228e-06 2.3198816e-05
 3.9809879e-06 1.5878557e-04 5.5953901e-06 1.6987004e-06 3.9133425e-07]
Label: clip    Predictions: [2.1687438e-07 9.9994171e-01 6.0096903e-07 7.6502793e-06 1.6390630e-05
 7.3972606e-06 2.0447686e-05 3.0775907e-06 1.5862777e-06 9.6550389e-07]
Label: dasani    Predictions: [9.4429131e-10 1.1946304e-12 9.9999988e-01 1.0770055e-07 2.2866558e-09
 3.3783847e-11 4.9341153e-09 2.8877554e-12 1.3076035e-11 1.9331580e-11]
Label: dasani    Predictions: [5.7405379e-11 1.5646100e-13 1.0000000e+00 2.5563199e-10 7.5720097e-10
 7.0066278e-13 1.9507651e-09 1.8660683e-13 7.5141906e-13 3.5492730e-11]
Label: dasani    Predictions: [6.9243251e-09 3.8403520e-11 1.0000000e+00 3.1481215e-09 1.3057888e-08
 7.4713381e-11 4.1641686e-09 1.0904640e-11 4.9896639e-11 8.2665166e-11]
Label: glue    Predictions: [4.8816422e-05 1.8333223e-05 6.3172333e-06 9.9298733e-01 3.2072996e-05
 6.7913877e-03 1.5538651e-05 1.7643706e-05 1.8957420e-05 6.3618667e-05]
Label: glue    Predictions: [1.6885820e-06 7.7355053e-06 1.1080202e-06 9.9954885e-01 2.1498574e-06
 4.2112562e-04 3.4072812e-06 4.0068671e-06 8.7331837e-06 1.1399397e-06]
Label: glue    Predictions: [7.3943522e-07 1.1908567e-06 5.8757752e-07 9.9974447e-01 3.5208152e-06
 2.4464080e-04 7.7199900e-07 2.3963366e-06 1.0355868e-06 5.9387474e-07]
Label: spray_bottle    Predictions: [1.1245366e-14 5.6360912e-15 1.1144832e-15 6.6584189e-14 1.0000000e+00
 2.0340331e-14 3.9551487e-13 1.6230606e-12 2.7954796e-15 2.6829989e-14]
Label: spray_bottle    Predictions: [1.4947712e-16 2.8441418e-15 5.9766473e-17 6.1368257e-16 1.0000000e+00
 1.6189652e-14 1.2250153e-15 4.1099180e-14 5.6705878e-18 1.5596439e-16]
Label: spray_bottle    Predictions: [2.4963086e-13 2.6309443e-14 1.3947119e-14 4.5368040e-14 1.0000000e+00
 1.1337965e-12 1.4195432e-13 7.8531790e-12 1.6990145e-15 7.9026857e-13]
Label: toothbrushes    Predictions: [7.1210576e-10 3.1873246e-09 1.2845419e-10 5.1329988e-07 6.9846466e-09
 9.9999917e-01 6.8111490e-08 2.1420818e-09 3.7506343e-08 2.1582278e-07]
Label: toothbrushes    Predictions: [4.0841998e-05 4.6082932e-06 4.2250908e-06 2.7421459e-03 6.0041148e-06
 9.9661642e-01 1.5573052e-04 9.0460962e-06 6.1342456e-05 3.5958548e-04]
Label: toothbrushes    Predictions: [1.6136396e-16 3.6291848e-17 1.8160622e-18 2.6872203e-13 7.6791499e-16
 1.0000000e+00 1.3938350e-13 6.8521035e-17 9.9072446e-15 2.0489661e-10]
Label: toothpaste    Predictions: [0.00220996 0.67472667 0.00174089 0.08193185 0.01305309 0.00491805
 0.2067689  0.00829469 0.00441528 0.0019406 ]
Label: toothpaste    Predictions: [1.3622159e-08 7.0365350e-06 8.7742922e-07 3.1498725e-08 6.6995619e-07
 1.1135533e-07 9.9998522e-01 2.1464803e-06 1.2427840e-06 2.5354971e-06]
Label: toothpaste    Predictions: [3.1731777e-06 1.3079435e-02 8.7556247e-05 3.3440265e-05 2.5206595e-04
 3.7521859e-05 9.8456514e-01 1.8357066e-03 2.7947159e-05 7.8142097e-05]
Label: watermelon    Predictions: [5.4190014e-08 9.7783674e-09 1.4911586e-09 1.4667277e-09 2.8905379e-07
 2.2954557e-08 1.2908578e-08 9.9999905e-01 6.7087207e-09 4.1969170e-07]
Label: watermelon    Predictions: [1.0513343e-07 1.6108196e-08 1.2626109e-09 8.6895657e-10 4.9180921e-06
 6.8946844e-09 8.1969525e-09 9.9999392e-01 4.2858024e-09 1.1194209e-06]
Label: watermelon    Predictions: [1.59675995e-09 1.03543035e-10 7.40928933e-12 7.13838016e-12
 2.90718116e-08 1.63845201e-10 1.17217569e-10 9.99999762e-01
 1.12551503e-10 1.87595532e-07]
Label: wipes    Predictions: [1.22583642e-05 6.46763738e-06 2.49070854e-06 6.33400414e-05
 9.07847334e-06 2.80466229e-02 7.69923645e-05 1.27576395e-05
 9.71733391e-01 3.66446693e-05]
Label: wipes    Predictions: [8.4110431e-04 7.0600618e-05 9.6906391e-05 8.4878772e-01 6.2642252e-04
 1.4272520e-01 2.3274543e-03 1.6065186e-04 3.8885239e-03 4.7536584e-04]
Label: wipes    Predictions: [5.53779378e-09 2.05564916e-08 8.88061624e-09 4.26616089e-06
 4.46284290e-08 7.79479797e-06 1.49787265e-05 1.27230066e-08
 9.99972820e-01 8.61132943e-09]
Label: zoink    Predictions: [5.1139735e-12 1.0893885e-16 2.3240909e-14 4.2346703e-16 1.8664467e-12
 5.8631740e-13 1.1599336e-12 1.9070681e-11 2.2481768e-15 1.0000000e+00]
Label: zoink    Predictions: [3.4779726e-13 9.7173753e-20 7.1062226e-17 3.6503729e-17 6.5191437e-14
 1.6350298e-15 4.8322378e-15 1.1159708e-10 2.8027592e-17 1.0000000e+00]
Label: zoink    Predictions: [1.22995122e-14 2.68187952e-17 1.86275118e-16 1.36634645e-17
 9.26208979e-14 6.75381571e-13 2.37028794e-13 7.49947500e-12
 1.74683234e-15 1.00000000e+00]
