Label: climbing_hold    Predictions: [1. 0. 0. 0. 0. 0. 0. 0. 0. 0.]
Label: climbing_hold    Predictions: [1. 0. 0. 0. 0. 0. 0. 0. 0. 0.]
Label: climbing_hold    Predictions: [1.000000e+00 0.000000e+00 0.000000e+00 0.000000e+00 4.213693e-37
 0.000000e+00 0.000000e+00 0.000000e+00 0.000000e+00 0.000000e+00]
Label: climbing_hold    Predictions: [1.000000e+00 4.000137e-32 0.000000e+00 0.000000e+00 4.233057e-30
 0.000000e+00 0.000000e+00 0.000000e+00 0.000000e+00 0.000000e+00]
Label: climbing_hold    Predictions: [1.0000000e+00 0.0000000e+00 0.0000000e+00 0.0000000e+00 1.7496063e-38
 0.0000000e+00 0.0000000e+00 0.0000000e+00 0.0000000e+00 0.0000000e+00]
Label: climbing_hold    Predictions: [1. 0. 0. 0. 0. 0. 0. 0. 0. 0.]
Label: climbing_hold    Predictions: [1.0000000e+00 0.0000000e+00 0.0000000e+00 0.0000000e+00 1.2189296e-34
 0.0000000e+00 0.0000000e+00 0.0000000e+00 0.0000000e+00 0.0000000e+00]
Label: climbing_hold    Predictions: [1. 0. 0. 0. 0. 0. 0. 0. 0. 0.]
Label: climbing_hold    Predictions: [1. 0. 0. 0. 0. 0. 0. 0. 0. 0.]
Label: climbing_hold    Predictions: [1. 0. 0. 0. 0. 0. 0. 0. 0. 0.]
Label: climbing_hold    Predictions: [1. 0. 0. 0. 0. 0. 0. 0. 0. 0.]
Label: climbing_hold    Predictions: [1.0000000e+00 0.0000000e+00 0.0000000e+00 0.0000000e+00 2.8865408e-37
 0.0000000e+00 0.0000000e+00 0.0000000e+00 0.0000000e+00 0.0000000e+00]
Label: climbing_hold    Predictions: [1.0000000e+00 1.0643239e-30 0.0000000e+00 0.0000000e+00 6.1236194e-29
 0.0000000e+00 0.0000000e+00 0.0000000e+00 0.0000000e+00 0.0000000e+00]
Label: climbing_hold    Predictions: [1. 0. 0. 0. 0. 0. 0. 0. 0. 0.]
Label: climbing_hold    Predictions: [1. 0. 0. 0. 0. 0. 0. 0. 0. 0.]
Label: climbing_hold    Predictions: [1. 0. 0. 0. 0. 0. 0. 0. 0. 0.]
Label: climbing_hold    Predictions: [1. 0. 0. 0. 0. 0. 0. 0. 0. 0.]
Label: climbing_hold    Predictions: [1. 0. 0. 0. 0. 0. 0. 0. 0. 0.]
Label: climbing_hold    Predictions: [1. 0. 0. 0. 0. 0. 0. 0. 0. 0.]
Label: climbing_hold    Predictions: [1. 0. 0. 0. 0. 0. 0. 0. 0. 0.]
Label: clip    Predictions: [0. 1. 0. 0. 0. 0. 0. 0. 0. 0.]
Label: clip    Predictions: [0. 1. 0. 0. 0. 0. 0. 0. 0. 0.]
Label: clip    Predictions: [1.3092620e-28 1.0000000e+00 2.0465381e-35 3.7598641e-15 4.0663367e-26
 0.0000000e+00 0.0000000e+00 0.0000000e+00 3.3673083e-33 8.4286579e-30]
Label: clip    Predictions: [0. 1. 0. 0. 0. 0. 0. 0. 0. 0.]
Label: clip    Predictions: [0.0000000e+00 1.0000000e+00 0.0000000e+00 2.2914393e-33 0.0000000e+00
 0.0000000e+00 0.0000000e+00 0.0000000e+00 0.0000000e+00 0.0000000e+00]
Label: clip    Predictions: [0. 1. 0. 0. 0. 0. 0. 0. 0. 0.]
Label: clip    Predictions: [1.9564072e-27 1.0000000e+00 3.9124636e-28 2.1397136e-18 1.6467728e-30
 2.9970088e-29 0.0000000e+00 2.9732430e-37 1.9062292e-21 1.2941037e-26]
Label: clip    Predictions: [0. 1. 0. 0. 0. 0. 0. 0. 0. 0.]
Label: clip    Predictions: [0. 1. 0. 0. 0. 0. 0. 0. 0. 0.]
Label: clip    Predictions: [2.704659e-38 1.000000e+00 0.000000e+00 3.446146e-27 6.748207e-34
 0.000000e+00 0.000000e+00 0.000000e+00 0.000000e+00 0.000000e+00]
Label: clip    Predictions: [0. 1. 0. 0. 0. 0. 0. 0. 0. 0.]
Label: clip    Predictions: [0. 1. 0. 0. 0. 0. 0. 0. 0. 0.]
Label: clip    Predictions: [0. 1. 0. 0. 0. 0. 0. 0. 0. 0.]
Label: clip    Predictions: [0. 1. 0. 0. 0. 0. 0. 0. 0. 0.]
Label: clip    Predictions: [0.0000000e+00 1.0000000e+00 0.0000000e+00 3.6306248e-32 2.1769335e-35
 0.0000000e+00 0.0000000e+00 0.0000000e+00 0.0000000e+00 0.0000000e+00]
Label: clip    Predictions: [0. 1. 0. 0. 0. 0. 0. 0. 0. 0.]
Label: clip    Predictions: [0. 1. 0. 0. 0. 0. 0. 0. 0. 0.]
Label: clip    Predictions: [1.9190041e-29 1.0000000e+00 2.6547552e-23 6.6238055e-09 7.3351009e-24
 2.6067724e-26 0.0000000e+00 0.0000000e+00 9.9495116e-15 2.5784784e-25]
Label: clip    Predictions: [0.0000000e+00 1.0000000e+00 0.0000000e+00 1.4483904e-30 0.0000000e+00
 0.0000000e+00 0.0000000e+00 0.0000000e+00 0.0000000e+00 0.0000000e+00]
Label: clip    Predictions: [0. 1. 0. 0. 0. 0. 0. 0. 0. 0.]
Label: dasani    Predictions: [0.0000000e+00 0.0000000e+00 9.9999988e-01 6.3668708e-08 0.0000000e+00
 0.0000000e+00 0.0000000e+00 0.0000000e+00 1.8108672e-10 1.7313301e-28]
Label: dasani    Predictions: [6.7705375e-01 9.7967817e-14 2.6289871e-12 1.3145027e-31 3.2294619e-01
 1.5631475e-34 0.0000000e+00 2.2419553e-38 4.7343562e-31 3.1565668e-30]
Label: dasani    Predictions: [0.0000000e+00 0.0000000e+00 1.0000000e+00 7.5873324e-18 0.0000000e+00
 0.0000000e+00 0.0000000e+00 0.0000000e+00 2.1715258e-35 0.0000000e+00]
Label: dasani    Predictions: [2.2278637e-25 3.2007138e-34 7.6936977e-15 0.0000000e+00 1.0000000e+00
 0.0000000e+00 0.0000000e+00 0.0000000e+00 0.0000000e+00 0.0000000e+00]
Label: dasani    Predictions: [9.0631233e-25 9.3930180e-37 8.8017703e-07 4.4018419e-10 6.1603652e-25
 1.1675683e-27 0.0000000e+00 9.6999880e-37 9.9999917e-01 5.0438721e-16]
Label: dasani    Predictions: [2.2741092e-19 7.4415248e-31 7.0458305e-12 5.5426585e-31 1.0000000e+00
 0.0000000e+00 0.0000000e+00 3.2409037e-33 4.9148660e-33 7.6106271e-36]
Label: dasani    Predictions: [6.5891629e-01 2.1598737e-03 8.0556981e-03 1.1150164e-07 3.3086798e-01
 4.8204453e-29 0.0000000e+00 7.1382039e-26 6.1485671e-18 3.6883852e-22]
Label: dasani    Predictions: [2.5521501e-21 2.2652149e-36 1.9899329e-11 0.0000000e+00 1.0000000e+00
 0.0000000e+00 0.0000000e+00 2.3054404e-34 0.0000000e+00 0.0000000e+00]
Label: dasani    Predictions: [0.0000000e+00 0.0000000e+00 1.0000000e+00 9.7505073e-18 0.0000000e+00
 0.0000000e+00 0.0000000e+00 0.0000000e+00 1.9941488e-35 0.0000000e+00]
Label: dasani    Predictions: [1.0000000e+00 1.2158510e-11 3.6060587e-08 1.9166651e-27 3.9112401e-13
 4.0229503e-26 0.0000000e+00 1.3787267e-28 1.6886064e-21 1.9306819e-26]
Label: dasani    Predictions: [0.0000000e+00 0.0000000e+00 6.5501993e-19 1.0000000e+00 0.0000000e+00
 0.0000000e+00 0.0000000e+00 0.0000000e+00 1.2535023e-36 0.0000000e+00]
Label: dasani    Predictions: [1.0068666e-22 1.8721590e-10 1.4063356e-15 1.6325724e-01 2.4012853e-27
 9.0453337e-26 0.0000000e+00 0.0000000e+00 8.3674276e-01 2.6240880e-13]
Label: dasani    Predictions: [1.0000000e+00 7.6332424e-15 1.9241998e-08 3.0954150e-28 3.5234902e-09
 5.7737647e-34 0.0000000e+00 2.2332698e-30 1.3984419e-28 1.4132872e-27]
Label: dasani    Predictions: [0.0000000e+00 0.0000000e+00 1.0000000e+00 2.9841490e-16 0.0000000e+00
 0.0000000e+00 0.0000000e+00 0.0000000e+00 2.9236691e-12 0.0000000e+00]
Label: dasani    Predictions: [0.0000000e+00 4.7263300e-37 8.7961531e-01 1.2038466e-01 1.9694775e-28
 8.3914832e-33 0.0000000e+00 0.0000000e+00 1.3329796e-08 4.4407587e-28]
Label: dasani    Predictions: [0.0000000e+00 0.0000000e+00 9.9999797e-01 2.0225434e-06 0.0000000e+00
 0.0000000e+00 0.0000000e+00 0.0000000e+00 2.1714384e-35 0.0000000e+00]
Label: dasani    Predictions: [0.0000000e+00 0.0000000e+00 9.9981004e-01 1.8992573e-04 0.0000000e+00
 0.0000000e+00 0.0000000e+00 0.0000000e+00 2.0675169e-25 0.0000000e+00]
Label: dasani    Predictions: [7.4941538e-17 3.2022026e-24 1.1658160e-01 1.2407449e-30 8.8341838e-01
 6.6947112e-34 0.0000000e+00 1.0368314e-30 6.7780391e-21 2.5253675e-29]
Label: dasani    Predictions: [9.9999738e-01 1.4025848e-27 2.4465533e-17 0.0000000e+00 2.6056089e-06
 0.0000000e+00 0.0000000e+00 0.0000000e+00 0.0000000e+00 0.0000000e+00]
Label: dasani    Predictions: [1.0031324e-18 1.6899631e-19 9.9997044e-01 6.4272108e-20 2.9533085e-05
 0.0000000e+00 0.0000000e+00 4.2275649e-27 2.9721766e-24 1.5521136e-31]
Label: glue    Predictions: [4.2304247e-08 1.2632227e-21 1.4038559e-36 1.0000000e+00 4.2520214e-24
 2.0004584e-19 0.0000000e+00 0.0000000e+00 1.2322548e-25 1.0840565e-25]
Label: glue    Predictions: [2.6054144e-07 3.0356777e-08 6.0448181e-30 9.9999952e-01 2.6115839e-07
 1.5610979e-28 0.0000000e+00 0.0000000e+00 1.9914003e-31 5.0600572e-33]
Label: glue    Predictions: [0. 0. 0. 1. 0. 0. 0. 0. 0. 0.]
Label: glue    Predictions: [0. 0. 0. 1. 0. 0. 0. 0. 0. 0.]
Label: glue    Predictions: [0. 0. 0. 1. 0. 0. 0. 0. 0. 0.]
Label: glue    Predictions: [9.7930595e-29 1.4475464e-36 0.0000000e+00 1.0000000e+00 6.7829968e-34
 0.0000000e+00 0.0000000e+00 0.0000000e+00 4.1599159e-38 0.0000000e+00]
Label: glue    Predictions: [0. 0. 0. 1. 0. 0. 0. 0. 0. 0.]
Label: glue    Predictions: [1.4918116e-16 7.8140616e-08 4.6941934e-17 9.9871695e-01 1.2830022e-03
 2.9053206e-33 0.0000000e+00 2.8055112e-33 2.1222085e-17 5.2956382e-22]
Label: glue    Predictions: [5.8205525e-21 8.4983019e-29 0.0000000e+00 1.0000000e+00 4.1147779e-38
 0.0000000e+00 0.0000000e+00 0.0000000e+00 1.2818847e-33 2.9067265e-31]
Label: glue    Predictions: [0.0000000e+00 0.0000000e+00 0.0000000e+00 1.0000000e+00 2.3062848e-34
 0.0000000e+00 0.0000000e+00 0.0000000e+00 0.0000000e+00 0.0000000e+00]
Label: glue    Predictions: [1.0000000e+00 3.5200538e-30 1.3771154e-32 3.6996141e-13 5.5580426e-19
 2.5055820e-24 0.0000000e+00 0.0000000e+00 1.6238505e-34 2.3444142e-30]
Label: glue    Predictions: [0.0000000e+00 3.6377551e-37 0.0000000e+00 1.0000000e+00 0.0000000e+00
 0.0000000e+00 0.0000000e+00 0.0000000e+00 0.0000000e+00 0.0000000e+00]
Label: glue    Predictions: [0. 0. 0. 1. 0. 0. 0. 0. 0. 0.]
Label: glue    Predictions: [0.0000000e+00 0.0000000e+00 0.0000000e+00 1.0000000e+00 0.0000000e+00
 0.0000000e+00 0.0000000e+00 0.0000000e+00 3.7588429e-24 3.0687006e-37]
Label: glue    Predictions: [0. 0. 0. 1. 0. 0. 0. 0. 0. 0.]
Label: glue    Predictions: [9.4527066e-01 1.9648974e-22 6.2335927e-25 5.4729331e-02 1.9051255e-16
 1.3837759e-22 0.0000000e+00 0.0000000e+00 2.4460427e-31 4.7537059e-36]
Label: glue    Predictions: [9.3551957e-14 3.5199462e-30 0.0000000e+00 1.0000000e+00 2.4484243e-34
 6.1004781e-33 0.0000000e+00 0.0000000e+00 8.8841177e-30 9.0507357e-31]
Label: glue    Predictions: [6.8030436e-22 9.3700911e-21 0.0000000e+00 1.0000000e+00 4.4974372e-26
 7.2134077e-36 0.0000000e+00 0.0000000e+00 2.3525898e-33 0.0000000e+00]
Label: glue    Predictions: [0. 0. 0. 1. 0. 0. 0. 0. 0. 0.]
Label: glue    Predictions: [0.0000000e+00 0.0000000e+00 0.0000000e+00 1.0000000e+00 0.0000000e+00
 0.0000000e+00 0.0000000e+00 0.0000000e+00 7.4838046e-37 0.0000000e+00]
Label: spray_bottle    Predictions: [1.0000000e+00 6.7552569e-21 4.6532766e-36 3.2487118e-27 1.4121407e-10
 0.0000000e+00 0.0000000e+00 4.9963095e-38 2.4464589e-38 1.0223786e-32]
Label: spray_bottle    Predictions: [4.3974445e-34 0.0000000e+00 2.7171626e-22 0.0000000e+00 1.0000000e+00
 0.0000000e+00 0.0000000e+00 0.0000000e+00 0.0000000e+00 0.0000000e+00]
Label: spray_bottle    Predictions: [7.7244865e-25 8.3806398e-30 1.3965833e-05 5.4262426e-08 9.9998593e-01
 1.8023862e-32 0.0000000e+00 0.0000000e+00 2.3968920e-31 0.0000000e+00]
Label: spray_bottle    Predictions: [1.0000000e+00 2.5960032e-35 0.0000000e+00 2.7789166e-36 7.7760203e-22
 0.0000000e+00 0.0000000e+00 0.0000000e+00 0.0000000e+00 0.0000000e+00]
Label: spray_bottle    Predictions: [1.0000000e+00 1.2088838e-22 0.0000000e+00 0.0000000e+00 1.2099717e-16
 0.0000000e+00 0.0000000e+00 0.0000000e+00 0.0000000e+00 0.0000000e+00]
Label: spray_bottle    Predictions: [0.0000000e+00 0.0000000e+00 3.0839931e-36 1.8165538e-26 1.0000000e+00
 0.0000000e+00 0.0000000e+00 0.0000000e+00 0.0000000e+00 0.0000000e+00]
Label: spray_bottle    Predictions: [0.0000000e+00 0.0000000e+00 4.7502755e-34 1.7007034e-34 1.0000000e+00
 0.0000000e+00 0.0000000e+00 0.0000000e+00 0.0000000e+00 0.0000000e+00]
Label: spray_bottle    Predictions: [0.0000000e+00 1.1015581e-37 2.2906976e-32 3.0771765e-29 1.0000000e+00
 0.0000000e+00 0.0000000e+00 0.0000000e+00 0.0000000e+00 0.0000000e+00]
Label: spray_bottle    Predictions: [0.0000000e+00 0.0000000e+00 5.5235794e-38 9.5781706e-31 1.0000000e+00
 0.0000000e+00 0.0000000e+00 0.0000000e+00 0.0000000e+00 0.0000000e+00]
Label: spray_bottle    Predictions: [6.1626085e-38 0.0000000e+00 4.3897965e-29 0.0000000e+00 1.0000000e+00
 0.0000000e+00 0.0000000e+00 0.0000000e+00 0.0000000e+00 0.0000000e+00]
Label: spray_bottle    Predictions: [1.0000000e+00 0.0000000e+00 1.4420067e-37 0.0000000e+00 1.7224405e-17
 0.0000000e+00 0.0000000e+00 0.0000000e+00 0.0000000e+00 0.0000000e+00]
Label: spray_bottle    Predictions: [1.0000000e+00 8.9870487e-32 0.0000000e+00 0.0000000e+00 4.3805904e-24
 0.0000000e+00 0.0000000e+00 0.0000000e+00 0.0000000e+00 0.0000000e+00]
Label: spray_bottle    Predictions: [1.0000000e+00 1.2088838e-22 0.0000000e+00 0.0000000e+00 1.2099717e-16
 0.0000000e+00 0.0000000e+00 0.0000000e+00 0.0000000e+00 0.0000000e+00]
Label: spray_bottle    Predictions: [1.0000000e+00 2.8865296e-22 0.0000000e+00 0.0000000e+00 6.6040110e-13
 0.0000000e+00 0.0000000e+00 0.0000000e+00 0.0000000e+00 0.0000000e+00]
Label: spray_bottle    Predictions: [1.0000000e+00 2.9283979e-37 0.0000000e+00 0.0000000e+00 1.4979473e-13
 0.0000000e+00 0.0000000e+00 0.0000000e+00 0.0000000e+00 0.0000000e+00]
Label: spray_bottle    Predictions: [1.000000e+00 0.000000e+00 0.000000e+00 0.000000e+00 3.798465e-33
 0.000000e+00 0.000000e+00 0.000000e+00 0.000000e+00 0.000000e+00]
Label: spray_bottle    Predictions: [1.000000e+00 6.386129e-33 0.000000e+00 0.000000e+00 2.095925e-28
 0.000000e+00 0.000000e+00 0.000000e+00 0.000000e+00 0.000000e+00]
Label: spray_bottle    Predictions: [1.866345e-29 0.000000e+00 0.000000e+00 0.000000e+00 1.000000e+00
 0.000000e+00 0.000000e+00 0.000000e+00 0.000000e+00 0.000000e+00]
Label: spray_bottle    Predictions: [0.0000000e+00 0.0000000e+00 4.1990505e-26 0.0000000e+00 1.0000000e+00
 0.0000000e+00 0.0000000e+00 0.0000000e+00 0.0000000e+00 0.0000000e+00]
Label: spray_bottle    Predictions: [4.5003178e-27 2.3493846e-36 5.6304668e-13 0.0000000e+00 1.0000000e+00
 0.0000000e+00 0.0000000e+00 2.2706526e-32 3.1660047e-36 0.0000000e+00]
Label: toothbrushes    Predictions: [0.0000000e+00 2.5561300e-29 1.9586682e-18 9.9951780e-01 2.6407026e-37
 8.5029269e-06 0.0000000e+00 0.0000000e+00 4.7377803e-04 7.2752337e-23]
Label: toothbrushes    Predictions: [0.0000000e+00 3.2245548e-33 2.8283803e-23 7.6167996e-04 0.0000000e+00
 9.9923837e-01 0.0000000e+00 0.0000000e+00 1.3709218e-09 4.9835558e-25]
Label: toothbrushes    Predictions: [0.0000000e+00 2.2599966e-30 1.8912182e-29 1.7509566e-03 0.0000000e+00
 9.9824905e-01 0.0000000e+00 0.0000000e+00 2.4960960e-16 0.0000000e+00]
Label: toothbrushes    Predictions: [0.000000e+00 0.000000e+00 0.000000e+00 1.000000e+00 0.000000e+00
 7.249706e-15 0.000000e+00 0.000000e+00 6.453422e-19 0.000000e+00]
Label: toothbrushes    Predictions: [0.0000000e+00 0.0000000e+00 1.5856032e-36 1.0000000e+00 0.0000000e+00
 1.4314390e-16 0.0000000e+00 0.0000000e+00 6.0226579e-22 0.0000000e+00]
Label: toothbrushes    Predictions: [0.0000000e+00 0.0000000e+00 5.6556355e-20 9.9967635e-01 0.0000000e+00
 6.1437908e-07 0.0000000e+00 0.0000000e+00 3.2308063e-04 4.2715331e-24]
Label: toothbrushes    Predictions: [5.69353050e-22 9.80417831e-33 1.14617015e-13 5.63022800e-14
 1.27975895e-26 2.14888263e-11 0.00000000e+00 0.00000000e+00
 1.00000000e+00 5.95211789e-18]
Label: toothbrushes    Predictions: [0.0000000e+00 0.0000000e+00 0.0000000e+00 1.0000000e+00 0.0000000e+00
 2.8483336e-22 0.0000000e+00 0.0000000e+00 7.5193344e-25 0.0000000e+00]
Label: toothbrushes    Predictions: [2.2440160e-27 7.7244971e-35 4.1937240e-09 2.8163189e-23 9.6607956e-26
 2.1046956e-08 0.0000000e+00 0.0000000e+00 1.0000000e+00 3.5483918e-08]
Label: toothbrushes    Predictions: [3.1944271e-37 1.8527257e-36 7.0381140e-14 2.6036344e-09 0.0000000e+00
 1.0000000e+00 0.0000000e+00 0.0000000e+00 1.3408677e-13 3.2037739e-30]
Label: toothbrushes    Predictions: [0.0000000e+00 0.0000000e+00 1.5856032e-36 1.0000000e+00 0.0000000e+00
 1.4314390e-16 0.0000000e+00 0.0000000e+00 6.0226579e-22 0.0000000e+00]
Label: toothbrushes    Predictions: [0.0000000e+00 7.3771150e-35 1.4099061e-31 7.4313125e-06 0.0000000e+00
 9.9916756e-01 0.0000000e+00 0.0000000e+00 8.2513038e-04 1.6954748e-33]
Label: toothbrushes    Predictions: [0.0000000e+00 0.0000000e+00 1.5856032e-36 1.0000000e+00 0.0000000e+00
 1.4314390e-16 0.0000000e+00 0.0000000e+00 6.0226579e-22 0.0000000e+00]
Label: toothbrushes    Predictions: [0.0000000e+00 4.6643097e-30 1.0642329e-18 5.9524192e-16 0.0000000e+00
 1.0000000e+00 0.0000000e+00 0.0000000e+00 7.1410039e-10 7.1688067e-20]
Label: toothbrushes    Predictions: [2.1259898e-28 2.7380228e-35 2.5342022e-18 7.8329472e-03 1.2307370e-30
 9.9216706e-01 0.0000000e+00 0.0000000e+00 4.4303629e-08 2.1810029e-20]
Label: toothbrushes    Predictions: [0.0000000e+00 1.2924585e-37 4.7486752e-29 1.0000000e+00 0.0000000e+00
 1.5451844e-21 0.0000000e+00 0.0000000e+00 1.0505120e-16 0.0000000e+00]
Label: toothbrushes    Predictions: [0.0000000e+00 3.8354346e-25 6.6573767e-22 4.7884175e-08 0.0000000e+00
 1.0000000e+00 0.0000000e+00 0.0000000e+00 8.0989928e-15 3.3358568e-33]
Label: toothbrushes    Predictions: [0.0000000e+00 0.0000000e+00 1.5700852e-15 4.9172014e-14 0.0000000e+00
 1.0000000e+00 0.0000000e+00 0.0000000e+00 2.6420700e-20 0.0000000e+00]
Label: toothbrushes    Predictions: [2.1791562e-33 5.8725764e-26 1.9784170e-24 4.8609134e-02 6.2579674e-38
 7.6017394e-18 0.0000000e+00 0.0000000e+00 9.5139080e-01 9.0837841e-22]
Label: toothbrushes    Predictions: [0.0000000e+00 0.0000000e+00 5.6994932e-34 1.0000000e+00 0.0000000e+00
 2.0238591e-29 0.0000000e+00 0.0000000e+00 6.7459693e-26 0.0000000e+00]
Label: toothpaste    Predictions: [5.0527688e-33 1.5013682e-13 2.2681577e-11 1.0000000e+00 3.1497957e-10
 2.4584730e-29 0.0000000e+00 8.2235953e-27 6.9649253e-16 3.8475008e-22]
Label: toothpaste    Predictions: [0.0000000e+00 1.4228307e-25 2.0160130e-31 1.0000000e+00 2.6919447e-32
 0.0000000e+00 0.0000000e+00 0.0000000e+00 0.0000000e+00 0.0000000e+00]
Label: toothpaste    Predictions: [0.0000000e+00 2.0817004e-37 1.0000000e+00 1.5030970e-23 1.1840722e-32
 0.0000000e+00 0.0000000e+00 0.0000000e+00 3.4662895e-36 0.0000000e+00]
Label: toothpaste    Predictions: [0.0000000e+00 2.0814464e-37 1.0000000e+00 1.5030741e-23 1.1839819e-32
 0.0000000e+00 0.0000000e+00 0.0000000e+00 3.4659721e-36 0.0000000e+00]
Label: toothpaste    Predictions: [4.4100204e-28 1.8758616e-33 9.9999928e-01 4.8964574e-22 1.4658364e-31
 3.4312798e-13 0.0000000e+00 2.0291240e-27 7.6132596e-07 2.2578176e-23]
Label: toothpaste    Predictions: [6.7894636e-20 2.6517613e-36 9.9999976e-01 1.1828220e-31 1.0502971e-28
 1.1873125e-21 0.0000000e+00 2.5454582e-30 2.0221759e-07 1.8095034e-21]
Label: toothpaste    Predictions: [5.5094772e-17 3.7069756e-09 3.3206911e-07 2.0872102e-08 2.1028546e-04
 3.3094707e-09 9.4343260e-37 2.2920474e-22 9.9978667e-01 2.6954592e-06]
Label: toothpaste    Predictions: [1.1961308e-23 8.4352188e-30 9.9999988e-01 2.6910463e-28 1.3012001e-29
 8.1964080e-20 0.0000000e+00 1.0345301e-29 1.6587330e-07 3.0595582e-23]
Label: toothpaste    Predictions: [0.0000000e+00 1.7365545e-37 1.0000000e+00 1.0743508e-22 2.4508907e-27
 4.6209918e-37 0.0000000e+00 0.0000000e+00 2.4542302e-35 0.0000000e+00]
Label: toothpaste    Predictions: [0.00000000e+00 0.00000000e+00 1.00000000e+00 1.71347817e-36
 1.19635725e-26 4.59220654e-30 0.00000000e+00 8.04535770e-36
 1.63416715e-25 0.00000000e+00]
Label: toothpaste    Predictions: [0.0000000e+00 2.0817004e-37 1.0000000e+00 1.5030970e-23 1.1840722e-32
 0.0000000e+00 0.0000000e+00 0.0000000e+00 3.4662895e-36 0.0000000e+00]
Label: toothpaste    Predictions: [2.5504800e-33 0.0000000e+00 1.0000000e+00 1.2720972e-12 2.8751775e-37
 7.8032076e-30 0.0000000e+00 0.0000000e+00 5.5886355e-12 6.5742921e-38]
Label: toothpaste    Predictions: [1.0989243e-18 3.6299519e-36 4.1370086e-19 9.9999976e-01 5.8818761e-25
 9.3076088e-20 0.0000000e+00 0.0000000e+00 2.6866232e-07 7.3315768e-16]
Label: toothpaste    Predictions: [0.0000000e+00 2.0814464e-37 1.0000000e+00 1.5030741e-23 1.1839819e-32
 0.0000000e+00 0.0000000e+00 0.0000000e+00 3.4659721e-36 0.0000000e+00]
Label: toothpaste    Predictions: [0.0000000e+00 2.3941610e-20 2.4026605e-20 1.0000000e+00 1.3097359e-29
 3.6224709e-35 0.0000000e+00 0.0000000e+00 1.9459576e-19 6.2637282e-27]
Label: toothpaste    Predictions: [1.8832364e-35 4.7110808e-16 1.4170365e-13 3.3216193e-02 7.9799665e-36
 1.3154494e-26 0.0000000e+00 3.0344375e-30 9.6678382e-01 2.4398916e-14]
Label: toothpaste    Predictions: [0.0000000e+00 5.3439717e-28 0.0000000e+00 1.0000000e+00 3.7553084e-36
 0.0000000e+00 0.0000000e+00 0.0000000e+00 0.0000000e+00 0.0000000e+00]
Label: toothpaste    Predictions: [2.8328417e-26 1.3014032e-14 2.2917284e-09 2.8106141e-11 1.1908182e-29
 1.0752216e-33 0.0000000e+00 2.6316425e-24 9.9999952e-01 5.2738136e-07]
Label: toothpaste    Predictions: [0.0000000e+00 1.7189798e-26 1.8157445e-32 1.0000000e+00 9.7300562e-36
 0.0000000e+00 0.0000000e+00 0.0000000e+00 0.0000000e+00 0.0000000e+00]
Label: toothpaste    Predictions: [0.0000000e+00 4.5381077e-19 7.0846269e-31 1.0000000e+00 3.3541971e-23
 0.0000000e+00 0.0000000e+00 0.0000000e+00 2.2159219e-32 2.9026748e-36]
Label: watermelon    Predictions: [3.8706267e-04 7.4220289e-25 1.9630906e-31 2.2076195e-36 3.3107946e-21
 0.0000000e+00 0.0000000e+00 9.9961299e-01 7.2770676e-30 4.4451777e-14]
Label: watermelon    Predictions: [9.22183153e-06 1.33593551e-06 1.48032984e-16 1.01181975e-13
 4.22626414e-08 6.52579852e-37 0.00000000e+00 9.99984860e-01
 3.20758830e-16 4.54857218e-06]
Label: watermelon    Predictions: [1.0000000e+00 0.0000000e+00 9.9334122e-34 0.0000000e+00 2.1066651e-29
 0.0000000e+00 0.0000000e+00 3.1550662e-23 0.0000000e+00 0.0000000e+00]
Label: watermelon    Predictions: [1.4877226e-24 1.9736167e-28 3.1959088e-10 4.0528874e-37 1.1144654e-09
 0.0000000e+00 0.0000000e+00 1.0000000e+00 5.8790572e-23 1.8821254e-20]
Label: watermelon    Predictions: [3.9776125e-34 0.0000000e+00 5.7556434e-12 0.0000000e+00 6.4484185e-14
 0.0000000e+00 0.0000000e+00 1.0000000e+00 5.9165136e-24 1.5206495e-27]
Label: watermelon    Predictions: [3.9775822e-34 0.0000000e+00 5.7552700e-12 0.0000000e+00 6.4485906e-14
 0.0000000e+00 0.0000000e+00 1.0000000e+00 5.9163783e-24 1.5206321e-27]
Label: watermelon    Predictions: [9.99999762e-01 3.44097066e-34 1.20704278e-33 0.00000000e+00
 1.56304432e-16 0.00000000e+00 0.00000000e+00 2.20541665e-07
 0.00000000e+00 1.16653215e-26]
Label: watermelon    Predictions: [1.2121545e-35 0.0000000e+00 9.1813407e-10 0.0000000e+00 6.7620139e-13
 0.0000000e+00 0.0000000e+00 1.0000000e+00 7.4363162e-20 5.7913250e-26]
Label: watermelon    Predictions: [9.9990273e-01 1.0117569e-26 1.6665599e-33 3.1040638e-36 3.5942173e-21
 0.0000000e+00 0.0000000e+00 9.7313052e-05 6.4139733e-33 8.6900518e-17]
Label: watermelon    Predictions: [1.0000000e+00 9.4548765e-11 3.0978410e-25 1.3513066e-21 1.1571116e-16
 1.5737869e-35 0.0000000e+00 4.3894460e-21 6.7805617e-20 1.2119468e-12]
Label: watermelon    Predictions: [3.8706267e-04 7.4220289e-25 1.9630906e-31 2.2076195e-36 3.3107946e-21
 0.0000000e+00 0.0000000e+00 9.9961299e-01 7.2770676e-30 4.4451777e-14]
Label: watermelon    Predictions: [0.0000000e+00 4.6501030e-35 1.1436545e-13 5.9756996e-29 3.4817946e-21
 0.0000000e+00 0.0000000e+00 1.0000000e+00 1.9832533e-14 4.3892850e-18]
Label: watermelon    Predictions: [0.0000000e+00 0.0000000e+00 6.2170109e-08 0.0000000e+00 5.3920898e-14
 0.0000000e+00 0.0000000e+00 9.9999988e-01 4.1836518e-19 8.9424858e-25]
Label: watermelon    Predictions: [8.3053417e-35 3.2140458e-29 2.9686793e-12 9.8406857e-38 1.9312620e-13
 0.0000000e+00 0.0000000e+00 1.0000000e+00 5.5122744e-16 2.5836271e-18]
Label: watermelon    Predictions: [3.6428767e-31 0.0000000e+00 2.8691376e-09 1.8187516e-26 3.2135400e-16
 0.0000000e+00 0.0000000e+00 1.0000000e+00 3.2174084e-13 7.0019707e-19]
Label: watermelon    Predictions: [2.9389049e-38 0.0000000e+00 5.8682079e-17 0.0000000e+00 4.7843264e-16
 0.0000000e+00 0.0000000e+00 1.0000000e+00 9.5316277e-23 1.4228687e-25]
Label: watermelon    Predictions: [1.0000000e+00 7.6354183e-32 5.3427368e-10 0.0000000e+00 1.5644406e-16
 0.0000000e+00 0.0000000e+00 3.1057468e-24 8.8897558e-35 6.7355393e-23]
Label: watermelon    Predictions: [9.8785561e-01 1.5499446e-18 1.2505983e-13 2.7275948e-25 1.2144377e-02
 0.0000000e+00 0.0000000e+00 8.2658138e-09 2.3305375e-24 5.8828463e-23]
Label: watermelon    Predictions: [1.3777400e-18 0.0000000e+00 3.3011181e-12 0.0000000e+00 1.0000000e+00
 0.0000000e+00 0.0000000e+00 1.9135386e-19 1.7485631e-33 1.2514068e-33]
Label: watermelon    Predictions: [7.2532660e-01 2.7463058e-01 2.1003858e-17 3.0297012e-20 1.7542929e-05
 4.0888103e-26 0.0000000e+00 4.7698434e-13 1.9708359e-09 2.5291803e-05]
Label: wipes    Predictions: [5.8247343e-34 0.0000000e+00 3.0831786e-23 4.4334843e-14 1.4235550e-37
 3.7333124e-36 0.0000000e+00 0.0000000e+00 1.0000000e+00 2.3609612e-17]
Label: wipes    Predictions: [0.0000000e+00 0.0000000e+00 3.9632411e-18 1.0000000e+00 0.0000000e+00
 0.0000000e+00 0.0000000e+00 0.0000000e+00 2.3041322e-10 1.0400293e-31]
Label: wipes    Predictions: [0.0000000e+00 0.0000000e+00 6.6864931e-22 1.7148432e-23 0.0000000e+00
 1.0595053e-19 0.0000000e+00 0.0000000e+00 1.0000000e+00 5.4331084e-32]
Label: wipes    Predictions: [1.1231675e-37 5.2702537e-36 2.1931942e-19 4.0121201e-29 7.9169021e-36
 2.7808661e-05 0.0000000e+00 0.0000000e+00 9.9997222e-01 9.5314235e-18]
Label: wipes    Predictions: [3.6337241e-27 1.3997412e-32 1.1453647e-15 9.4267328e-22 2.5698987e-38
 4.9968810e-23 0.0000000e+00 0.0000000e+00 1.0000000e+00 2.7933307e-12]
Label: wipes    Predictions: [2.0492432e-33 1.9852763e-27 3.7500054e-17 2.2003326e-15 4.6804628e-28
 3.2868243e-16 0.0000000e+00 0.0000000e+00 1.0000000e+00 9.1721686e-25]
Label: wipes    Predictions: [9.86068442e-18 5.34683043e-23 4.27310243e-02 1.56618341e-06
 1.10948564e-20 2.79557045e-30 0.00000000e+00 2.34034295e-31
 9.57267404e-01 3.95106490e-19]
Label: wipes    Predictions: [0.0000000e+00 0.0000000e+00 3.2511943e-25 1.6669467e-23 0.0000000e+00
 1.4229065e-18 0.0000000e+00 0.0000000e+00 1.0000000e+00 4.9119795e-33]
Label: wipes    Predictions: [0.0000000e+00 0.0000000e+00 3.5970011e-25 0.0000000e+00 0.0000000e+00
 0.0000000e+00 0.0000000e+00 0.0000000e+00 1.0000000e+00 2.2698681e-29]
Label: wipes    Predictions: [0.0000000e+00 0.0000000e+00 9.6712883e-22 0.0000000e+00 0.0000000e+00
 0.0000000e+00 0.0000000e+00 0.0000000e+00 1.0000000e+00 1.0884977e-27]
Label: wipes    Predictions: [0.0000000e+00 0.0000000e+00 1.7700675e-16 6.0588452e-19 7.7023032e-37
 2.3627612e-26 0.0000000e+00 3.3469857e-32 1.0000000e+00 7.0527381e-28]
Label: wipes    Predictions: [0.00000000e+00 0.00000000e+00 1.21295285e-08 1.34935669e-25
 0.00000000e+00 2.12503639e-13 0.00000000e+00 0.00000000e+00
 1.00000000e+00 1.14243707e-22]
Label: wipes    Predictions: [1.65576109e-38 0.00000000e+00 1.19713735e-27 3.88509894e-35
 0.00000000e+00 2.70668169e-38 0.00000000e+00 0.00000000e+00
 1.00000000e+00 8.29188073e-29]
Label: wipes    Predictions: [8.45323977e-34 0.00000000e+00 5.03272424e-10 1.99924969e-07
 1.74385230e-34 1.10931556e-32 0.00000000e+00 0.00000000e+00
 9.99999762e-01 8.80594044e-22]
Label: wipes    Predictions: [0.0000000e+00 0.0000000e+00 6.7567295e-35 1.0721716e-09 0.0000000e+00
 2.0759364e-36 0.0000000e+00 0.0000000e+00 1.0000000e+00 0.0000000e+00]
Label: wipes    Predictions: [0.0000000e+00 0.0000000e+00 2.1707080e-18 1.8596773e-23 0.0000000e+00
 0.0000000e+00 0.0000000e+00 0.0000000e+00 1.0000000e+00 3.0730372e-28]
Label: wipes    Predictions: [0.0000000e+00 0.0000000e+00 2.6070753e-30 3.4668528e-24 0.0000000e+00
 2.5808855e-13 0.0000000e+00 0.0000000e+00 1.0000000e+00 1.2547805e-27]
Label: wipes    Predictions: [0.0000000e+00 0.0000000e+00 5.5287540e-27 3.2952078e-25 0.0000000e+00
 1.5044308e-34 0.0000000e+00 0.0000000e+00 1.0000000e+00 2.2608640e-36]
Label: wipes    Predictions: [1.4124291e-36 0.0000000e+00 3.3509413e-20 7.1828108e-23 7.5751424e-37
 2.1071935e-31 0.0000000e+00 0.0000000e+00 1.0000000e+00 1.6439641e-26]
Label: wipes    Predictions: [0.0000000e+00 0.0000000e+00 3.2511943e-25 1.6669467e-23 0.0000000e+00
 1.4229065e-18 0.0000000e+00 0.0000000e+00 1.0000000e+00 4.9119795e-33]
Label: zoink    Predictions: [0.0000000e+00 0.0000000e+00 1.1869327e-28 5.8259300e-13 0.0000000e+00
 0.0000000e+00 0.0000000e+00 0.0000000e+00 1.9363022e-11 1.0000000e+00]
Label: zoink    Predictions: [7.8643336e-34 0.0000000e+00 5.9286154e-34 1.1183612e-33 0.0000000e+00
 0.0000000e+00 0.0000000e+00 0.0000000e+00 3.3344450e-25 1.0000000e+00]
Label: zoink    Predictions: [0.0000000e+00 1.9493394e-31 2.8749156e-27 8.8863493e-07 9.6067774e-31
 3.0154736e-34 0.0000000e+00 0.0000000e+00 7.5339390e-26 9.9999917e-01]
Label: zoink    Predictions: [0.0000000e+00 0.0000000e+00 1.2932168e-24 1.9918793e-24 0.0000000e+00
 0.0000000e+00 0.0000000e+00 0.0000000e+00 7.1495649e-17 1.0000000e+00]
Label: zoink    Predictions: [8.0619121e-01 2.7300987e-23 1.9380870e-01 7.7797890e-12 5.6091750e-12
 2.3833566e-34 0.0000000e+00 1.3427763e-15 1.2223714e-19 7.8984762e-08]
Label: zoink    Predictions: [0.0000000e+00 5.6515124e-38 1.5441634e-18 9.0840214e-01 0.0000000e+00
 0.0000000e+00 0.0000000e+00 6.6548202e-37 9.1592111e-02 5.7703751e-06]
Label: zoink    Predictions: [1.31397844e-08 1.11201816e-26 1.00000000e+00 3.50398579e-25
 1.80944994e-12 1.19065430e-38 0.00000000e+00 2.77986020e-21
 1.89581372e-23 1.43243317e-16]
Label: zoink    Predictions: [0.0000000e+00 0.0000000e+00 6.5821485e-30 7.5435910e-23 0.0000000e+00
 0.0000000e+00 0.0000000e+00 0.0000000e+00 2.1115038e-26 1.0000000e+00]
Label: zoink    Predictions: [5.6142302e-30 3.8261210e-37 1.8947455e-08 8.8544772e-10 2.4982009e-29
 0.0000000e+00 0.0000000e+00 1.8090279e-30 4.7712423e-02 9.5228755e-01]
Label: zoink    Predictions: [1.1582210e-22 1.9750904e-38 4.4256430e-22 6.6587564e-27 0.0000000e+00
 0.0000000e+00 0.0000000e+00 0.0000000e+00 1.5134646e-16 1.0000000e+00]
Label: zoink    Predictions: [4.4356004e-27 2.0570043e-32 6.6004206e-16 9.9999928e-01 5.4437445e-33
 0.0000000e+00 0.0000000e+00 0.0000000e+00 6.6696492e-07 1.3571728e-08]
Label: zoink    Predictions: [4.0718151e-34 0.0000000e+00 2.8588965e-12 1.7038734e-18 8.8386279e-28
 1.6369579e-38 0.0000000e+00 3.1044111e-15 6.8509442e-05 9.9993145e-01]
Label: zoink    Predictions: [0.0000000e+00 5.6515079e-38 1.5441622e-18 9.0840149e-01 0.0000000e+00
 0.0000000e+00 0.0000000e+00 6.6547642e-37 9.1592737e-02 5.7702387e-06]
Label: zoink    Predictions: [0.0000000e+00 5.6515124e-38 1.5441634e-18 9.0840214e-01 0.0000000e+00
 0.0000000e+00 0.0000000e+00 6.6548202e-37 9.1592111e-02 5.7703751e-06]
Label: zoink    Predictions: [0.0000000e+00 0.0000000e+00 6.5824501e-30 7.5435619e-23 0.0000000e+00
 0.0000000e+00 0.0000000e+00 0.0000000e+00 2.1114876e-26 1.0000000e+00]
Label: zoink    Predictions: [5.7007091e-27 5.4476064e-35 1.0000000e+00 1.5189416e-24 0.0000000e+00
 0.0000000e+00 0.0000000e+00 0.0000000e+00 2.2466554e-26 2.3199842e-30]
Label: zoink    Predictions: [0.00000000e+00 0.00000000e+00 1.00903924e-23 1.66149695e-19
 0.00000000e+00 0.00000000e+00 0.00000000e+00 2.01302912e-33
 5.60252799e-13 1.00000000e+00]
Label: zoink    Predictions: [0.0000000e+00 0.0000000e+00 3.3088947e-28 2.2900562e-05 0.0000000e+00
 0.0000000e+00 0.0000000e+00 0.0000000e+00 1.6124332e-09 9.9997711e-01]
Label: zoink    Predictions: [0.0000000e+00 6.4630269e-35 3.2316914e-12 8.9437552e-16 3.8192732e-17
 1.3196203e-37 0.0000000e+00 0.0000000e+00 5.6035630e-25 1.0000000e+00]
Label: zoink    Predictions: [5.8167041e-07 8.0960841e-29 1.6744672e-06 4.9444873e-07 1.2989737e-19
 5.0308186e-18 0.0000000e+00 2.0636170e-36 1.3561503e-04 9.9986160e-01]
