Label: climbing_hold    Predictions: [1.0000000e+00 1.1758326e-36 3.6542582e-33 0.0000000e+00 4.2573102e-25
 2.9907602e-30 0.0000000e+00 1.2800852e-35 3.4962907e-35 1.4733221e-30]
Label: climbing_hold    Predictions: [1.0000000e+00 1.6445094e-34 2.6036876e-29 1.6992508e-34 1.8178685e-21
 5.8152439e-30 0.0000000e+00 6.2667287e-23 1.1217966e-33 2.1379506e-26]
Label: climbing_hold    Predictions: [1.00000000e+00 3.05955400e-11 5.91710790e-14 3.88425864e-14
 1.30387179e-09 9.24438689e-18 1.13215006e-23 3.18123236e-11
 1.53434539e-16 1.91361266e-18]
Label: climbing_hold    Predictions: [1.0000000e+00 1.3968303e-15 1.5529709e-16 2.4989188e-17 3.4843732e-13
 1.9180761e-20 7.6695966e-26 5.3384167e-14 3.8655598e-18 4.4838981e-21]
Label: climbing_hold    Predictions: [1.0000000e+00 4.5541725e-24 6.5270175e-22 2.1127789e-24 3.3549238e-17
 1.4148211e-24 3.0247578e-29 3.8324150e-21 2.1319415e-25 1.8562328e-23]
Label: climbing_hold    Predictions: [1.0000000e+00 1.1587362e-25 2.2544283e-23 7.8193102e-27 1.7276635e-19
 5.0085340e-26 1.6352013e-34 2.6371649e-21 1.0331875e-25 1.6363103e-21]
Label: climbing_hold    Predictions: [1.00000000e+00 1.19826759e-24 6.52046589e-24 8.20779631e-28
 1.04499985e-17 2.21195808e-27 7.34151924e-37 1.02298328e-17
 7.10608517e-25 1.51939635e-28]
Label: climbing_hold    Predictions: [1.0000000e+00 2.9064603e-31 3.9138600e-24 1.7640010e-31 2.7867935e-21
 1.6112095e-24 9.4336758e-37 4.0453567e-26 5.9329261e-30 3.4003366e-20]
Label: climbing_hold    Predictions: [1.0000000e+00 9.1395422e-26 9.6976082e-26 2.4126803e-28 2.1258744e-18
 1.1034665e-24 1.7310121e-37 9.0050424e-22 1.0854138e-25 1.2059398e-31]
Label: climbing_hold    Predictions: [1.0000000e+00 1.5153382e-36 4.5429429e-33 0.0000000e+00 5.0257234e-25
 3.7389391e-30 0.0000000e+00 1.7079386e-35 4.2623589e-35 2.0187921e-30]
Label: climbing_hold    Predictions: [1.0000000e+00 4.1005021e-16 1.1536884e-21 1.0981298e-23 2.1610963e-13
 1.7965163e-23 1.6653202e-30 8.9303825e-18 4.3140238e-17 1.2166635e-25]
Label: climbing_hold    Predictions: [1.0000000e+00 5.9589926e-36 7.6456118e-34 4.7455208e-38 4.8394100e-24
 3.9593295e-32 0.0000000e+00 1.2079259e-28 9.5143190e-34 3.2228963e-30]
Label: climbing_hold    Predictions: [1.0000000e+00 7.0576797e-16 3.3512528e-17 8.7129349e-18 1.3958782e-13
 6.8605633e-21 2.6527580e-25 2.7546316e-13 1.7602608e-19 1.1510081e-19]
Label: climbing_hold    Predictions: [1.0000000e+00 1.1643760e-19 3.3186060e-19 3.7614879e-21 1.0102378e-14
 4.9580306e-24 4.8076004e-30 5.0774646e-17 4.0088074e-20 9.4734432e-24]
Label: climbing_hold    Predictions: [1.00000000e+00 4.37255976e-24 8.49420278e-25 3.70710170e-28
 2.00482375e-16 1.02269814e-25 1.29694868e-36 8.97744095e-20
 7.70143516e-26 2.10958335e-30]
Label: climbing_hold    Predictions: [1.0000000e+00 3.3469230e-24 4.5219533e-25 2.5236490e-28 1.6286421e-16
 1.8417155e-25 5.5580555e-37 5.1309629e-20 4.3932542e-26 1.1051102e-30]
Label: climbing_hold    Predictions: [1.0000000e+00 2.3244382e-24 2.8078094e-25 1.3556748e-28 2.0140066e-16
 2.3341667e-25 2.6037168e-37 4.7824187e-20 3.3281909e-26 7.6501454e-31]
Label: climbing_hold    Predictions: [1.0000000e+00 1.6396017e-30 6.3272966e-27 6.9075580e-32 1.6976625e-20
 2.9334188e-29 1.2831878e-38 2.8235510e-28 5.9896406e-30 9.8824323e-25]
Label: climbing_hold    Predictions: [1.0000000e+00 2.2504181e-36 3.4406110e-30 1.4125139e-38 2.2853651e-24
 1.9065915e-30 0.0000000e+00 6.4733127e-36 2.4190503e-34 1.3727112e-30]
Label: climbing_hold    Predictions: [1.0000000e+00 2.5675487e-29 1.1571125e-22 1.1318303e-31 1.7675472e-20
 4.3429769e-21 2.3787112e-36 1.3097822e-27 7.1764318e-30 6.0759207e-21]
Label: clip    Predictions: [3.1939753e-15 1.0000000e+00 8.8867902e-16 2.7240068e-11 1.8636461e-13
 1.6746930e-13 4.7974693e-15 8.2361452e-14 3.4930419e-14 7.6321316e-16]
Label: clip    Predictions: [5.7106397e-10 9.9999988e-01 3.9065406e-10 4.9266603e-08 7.6357685e-09
 3.4273120e-09 6.8544352e-08 7.0217091e-08 7.3164252e-11 6.1048788e-10]
Label: clip    Predictions: [8.1915936e-13 1.0000000e+00 1.4291223e-13 1.5554895e-10 5.0487379e-12
 2.7589568e-11 9.7512259e-12 1.3468130e-11 1.2722470e-13 1.8958053e-13]
Label: clip    Predictions: [4.8541271e-13 1.0000000e+00 2.2180015e-14 5.8786441e-11 8.9527978e-13
 4.1613064e-11 1.0152688e-12 2.9339925e-12 2.5924092e-14 2.1563477e-14]
Label: clip    Predictions: [2.8767844e-11 1.0000000e+00 4.9367628e-12 8.4259835e-09 1.8826477e-11
 1.0357590e-09 7.2821499e-11 1.4066324e-10 5.0170572e-13 5.1495700e-13]
Label: clip    Predictions: [4.8541271e-13 1.0000000e+00 2.2180015e-14 5.8786441e-11 8.9527978e-13
 4.1613064e-11 1.0152688e-12 2.9339925e-12 2.5924092e-14 2.1563477e-14]
Label: clip    Predictions: [1.6248741e-10 1.0000000e+00 5.8532693e-11 1.9743672e-08 1.4204048e-09
 9.8508979e-09 2.9291209e-09 4.1986943e-09 3.3950509e-11 4.2737591e-11]
Label: clip    Predictions: [8.0960433e-11 1.0000000e+00 1.9654296e-11 7.8059115e-09 9.3510359e-11
 4.4443474e-10 7.9394598e-09 1.7851922e-09 2.7928312e-11 2.3602838e-11]
Label: clip    Predictions: [7.7666396e-14 1.0000000e+00 6.7435850e-16 1.6866017e-09 9.5103152e-14
 1.3532904e-13 2.1822916e-13 1.2597961e-14 2.3568749e-14 6.6608990e-17]
Label: clip    Predictions: [5.9710570e-12 1.0000000e+00 1.9277704e-12 5.8652358e-08 1.5445860e-10
 1.6766172e-09 2.8057603e-09 2.9090910e-11 5.7688480e-14 2.2018149e-11]
Label: clip    Predictions: [4.8541271e-13 1.0000000e+00 2.2180015e-14 5.8786441e-11 8.9527978e-13
 4.1613064e-11 1.0152688e-12 2.9339925e-12 2.5924092e-14 2.1563477e-14]
Label: clip    Predictions: [3.6757719e-12 1.0000000e+00 2.1517514e-13 4.3094528e-09 1.5795101e-12
 1.1058826e-10 4.8573458e-11 9.4416801e-12 2.6169526e-13 1.2268544e-13]
Label: clip    Predictions: [3.4742827e-15 1.0000000e+00 1.7991024e-15 2.0314202e-10 4.8807572e-15
 1.1316053e-13 2.6303940e-13 5.6063925e-15 2.8276212e-16 9.6535829e-17]
Label: clip    Predictions: [4.8541271e-13 1.0000000e+00 2.2180015e-14 5.8786441e-11 8.9527978e-13
 4.1613064e-11 1.0152688e-12 2.9339925e-12 2.5924092e-14 2.1563477e-14]
Label: clip    Predictions: [2.0766399e-11 1.0000000e+00 2.3431336e-13 1.6793407e-09 1.7517607e-11
 5.7612615e-10 2.3830783e-11 3.5420909e-11 4.0674807e-13 8.5964157e-13]
Label: clip    Predictions: [4.5700959e-13 1.0000000e+00 6.8830012e-14 1.2692134e-08 5.4907537e-12
 9.6002345e-11 1.4052998e-10 6.5617269e-12 2.5647283e-15 5.1867465e-15]
Label: clip    Predictions: [3.87358721e-12 1.00000000e+00 1.83414400e-13 9.76423120e-09
 1.14620405e-11 8.33750791e-10 1.55100777e-09 1.59962720e-11
 8.07419080e-15 2.20022466e-14]
Label: clip    Predictions: [6.46575328e-12 1.00000000e+00 2.82581554e-12 2.92425497e-08
 1.02854135e-10 1.71256981e-10 4.78686708e-11 5.61987512e-10
 2.39972430e-13 6.77818099e-13]
Label: clip    Predictions: [5.0431220e-10 9.9999988e-01 5.0762786e-11 1.3391718e-07 1.4997277e-10
 3.5845102e-09 2.0867228e-09 5.0573323e-09 1.3560227e-11 1.3365765e-11]
Label: clip    Predictions: [4.8541271e-13 1.0000000e+00 2.2180015e-14 5.8786441e-11 8.9527978e-13
 4.1613064e-11 1.0152688e-12 2.9339925e-12 2.5924092e-14 2.1563477e-14]
Label: dasani    Predictions: [0.0000000e+00 0.0000000e+00 1.0000000e+00 1.0536339e-32 1.9927994e-31
 0.0000000e+00 3.6791394e-34 1.4652676e-38 0.0000000e+00 2.3791020e-28]
Label: dasani    Predictions: [1.2366542e-12 2.7749817e-17 1.0000000e+00 2.7203668e-15 1.7170212e-10
 5.4321112e-18 1.4839709e-12 2.6367531e-13 1.5877250e-17 3.1848521e-10]
Label: dasani    Predictions: [0.0000000e+00 0.0000000e+00 1.0000000e+00 2.4780393e-36 6.4963403e-37
 0.0000000e+00 3.0047812e-37 0.0000000e+00 0.0000000e+00 5.3942246e-31]
Label: dasani    Predictions: [2.7040620e-22 2.7622633e-26 1.0000000e+00 9.8866557e-25 1.3381172e-15
 1.1183342e-28 1.0755511e-24 9.5373430e-22 4.6054940e-27 8.3423779e-17]
Label: dasani    Predictions: [2.5126990e-35 0.0000000e+00 1.0000000e+00 3.2810751e-23 7.8233041e-28
 5.8425437e-32 4.0403777e-25 6.8828631e-31 3.0469708e-36 1.2984472e-23]
Label: dasani    Predictions: [6.4004074e-22 8.2598501e-26 1.0000000e+00 1.3040458e-24 5.2549956e-16
 2.0763090e-28 5.5273467e-25 5.7740672e-21 4.4131899e-27 1.9122345e-17]
Label: dasani    Predictions: [1.5581588e-14 1.3643271e-15 1.0000000e+00 4.2289539e-13 3.1920830e-10
 6.7016304e-16 2.4782173e-11 1.2067757e-11 4.0580997e-15 4.8205752e-11]
Label: dasani    Predictions: [1.7149774e-19 1.0095171e-22 1.0000000e+00 1.4864543e-21 4.8044126e-14
 2.2442850e-24 8.3547219e-20 1.0245337e-17 7.8356930e-22 1.2902667e-14]
Label: dasani    Predictions: [0.0000000e+00 0.0000000e+00 1.0000000e+00 2.4267932e-36 6.4713093e-37
 0.0000000e+00 2.9196753e-37 0.0000000e+00 0.0000000e+00 5.2404018e-31]
Label: dasani    Predictions: [3.8781459e-13 1.3656764e-14 1.0000000e+00 3.3730760e-13 2.0057105e-09
 5.6516976e-16 7.4325329e-12 8.1046947e-11 5.4568971e-15 2.9122944e-11]
Label: dasani    Predictions: [0.0000000e+00 0.0000000e+00 1.0000000e+00 2.2467119e-29 1.0746117e-32
 0.0000000e+00 1.7207975e-33 7.3115899e-36 0.0000000e+00 1.4786282e-27]
Label: dasani    Predictions: [3.95710688e-26 1.52060078e-30 1.00000000e+00 2.95137315e-17
 1.10044215e-20 2.03628481e-25 1.80997270e-14 1.78263190e-22
 1.43011382e-22 6.99955099e-16]
Label: dasani    Predictions: [1.0400944e-13 1.8894393e-15 1.0000000e+00 1.8408758e-14 3.6581574e-10
 2.8614107e-16 2.0546973e-12 3.2444887e-12 1.1761684e-15 1.6421276e-11]
Label: dasani    Predictions: [0.0000000e+00 0.0000000e+00 1.0000000e+00 4.7175473e-29 1.2403250e-31
 0.0000000e+00 6.9756716e-30 1.1114653e-36 0.0000000e+00 1.5072668e-29]
Label: dasani    Predictions: [0.0000000e+00 0.0000000e+00 1.0000000e+00 1.2193640e-31 3.3842950e-32
 0.0000000e+00 1.4790548e-30 3.7404276e-35 1.9034152e-38 8.1421529e-28]
Label: dasani    Predictions: [0.0000000e+00 0.0000000e+00 1.0000000e+00 1.4742733e-36 5.0282239e-37
 0.0000000e+00 1.4889845e-37 0.0000000e+00 0.0000000e+00 6.6689333e-32]
Label: dasani    Predictions: [0.0000000e+00 0.0000000e+00 1.0000000e+00 5.1662141e-36 1.2198733e-35
 0.0000000e+00 2.7414658e-35 0.0000000e+00 0.0000000e+00 1.9717110e-30]
Label: dasani    Predictions: [4.5822638e-24 2.2215388e-27 1.0000000e+00 7.3545980e-25 1.6959370e-17
 2.4287455e-30 1.8479514e-24 1.3923931e-23 1.1404355e-27 1.2304039e-18]
Label: dasani    Predictions: [1.1914690e-21 3.1590658e-22 1.0000000e+00 2.6528763e-20 5.8084792e-16
 5.4762004e-25 2.2847446e-18 8.1702542e-19 1.6222143e-21 1.8905908e-17]
Label: dasani    Predictions: [5.72377161e-13 1.06840746e-16 1.00000000e+00 6.35835446e-15
 1.25878988e-10 5.86659362e-18 3.26596666e-11 1.09644857e-13
 7.50174531e-17 4.55102678e-10]
Label: glue    Predictions: [2.3854706e-13 9.7690320e-01 2.2395426e-15 2.3096792e-02 2.2139898e-13
 2.4352239e-11 3.2515898e-13 6.4076137e-13 1.2876400e-14 2.1707394e-14]
Label: glue    Predictions: [7.8043034e-14 9.9999499e-01 6.9379296e-14 5.0086028e-06 4.2964712e-13
 1.8285234e-11 6.5768734e-14 9.2325534e-14 7.1404056e-15 3.1522497e-14]
Label: glue    Predictions: [9.8570038e-28 2.1181443e-25 8.1591783e-16 1.0000000e+00 9.8549465e-26
 2.7838872e-25 3.1814552e-27 3.8847337e-25 4.6332584e-15 4.1686391e-22]
Label: glue    Predictions: [1.39636902e-27 4.06208855e-26 7.95923297e-16 1.00000000e+00
 1.71531912e-25 1.98878046e-25 1.13453051e-26 1.10740925e-24
 3.97205597e-15 1.68860006e-21]
Label: glue    Predictions: [3.0509911e-31 2.7211660e-30 2.1364201e-24 1.0000000e+00 5.7359675e-32
 1.2003716e-25 5.4211014e-32 2.4957407e-29 3.3019542e-24 5.5421093e-31]
Label: glue    Predictions: [4.5034112e-11 9.4694704e-01 7.3907868e-12 5.3052969e-02 6.0585487e-10
 1.3461483e-10 1.8877499e-11 4.3119411e-10 1.3919448e-11 1.4844820e-10]
Label: glue    Predictions: [7.9561590e-18 1.4217102e-14 2.0557591e-09 1.0000000e+00 3.3091770e-18
 3.1017908e-10 5.5464953e-13 9.5968088e-19 5.8770548e-14 5.7554174e-14]
Label: glue    Predictions: [4.6409659e-13 3.3518388e-03 2.2407226e-08 9.9664658e-01 1.0517772e-08
 2.3738734e-07 1.2646146e-06 4.7311360e-10 2.7422127e-09 2.5982749e-10]
Label: glue    Predictions: [1.3227894e-10 9.9986339e-01 2.0799405e-10 1.3655931e-04 2.4859952e-09
 5.4665747e-09 3.0729505e-10 2.5181113e-10 3.9413819e-11 7.9614718e-12]
Label: glue    Predictions: [1.87576843e-10 8.80881608e-01 2.55904794e-11 1.19118445e-01
 2.83975687e-09 1.17363175e-09 5.02467346e-10 1.42489203e-08
 3.13232079e-11 1.46699630e-09]
Label: glue    Predictions: [5.3860441e-15 1.0000000e+00 1.5420136e-17 4.9961355e-09 1.2870062e-16
 1.6990074e-12 3.4327268e-18 3.0262868e-18 1.5167698e-17 2.1619413e-17]
Label: glue    Predictions: [1.8255028e-08 3.3126972e-04 7.9829570e-06 9.9863094e-01 7.1598826e-08
 1.0290799e-03 5.2819651e-08 4.1926586e-07 1.5509782e-08 1.3208560e-07]
Label: glue    Predictions: [1.9200967e-20 2.6524932e-19 2.5826432e-17 1.0000000e+00 6.9941047e-24
 2.5560834e-12 1.7081276e-20 1.1053446e-18 3.2424965e-12 1.2606012e-18]
Label: glue    Predictions: [6.4812522e-26 1.4544604e-20 1.1026169e-12 1.0000000e+00 3.1881696e-22
 5.2708825e-21 7.9451031e-22 1.8246891e-23 1.9066733e-13 4.8162892e-20]
Label: glue    Predictions: [5.3353157e-35 1.3522031e-37 5.9844150e-21 1.0000000e+00 1.6422274e-34
 5.5730615e-31 8.5912577e-38 4.2963223e-31 6.7976412e-24 2.2532028e-27]
Label: glue    Predictions: [1.6844858e-17 9.9999988e-01 2.8423974e-21 1.2758910e-07 9.9403154e-18
 2.8365242e-15 2.5147302e-21 1.7173192e-21 9.9364430e-19 2.6485506e-18]
Label: glue    Predictions: [5.8229208e-13 9.9994493e-01 2.0913533e-13 5.5086544e-05 5.9925819e-14
 1.6927505e-10 1.3826982e-13 1.7756601e-13 1.5740752e-13 2.6637064e-13]
Label: glue    Predictions: [3.2671482e-16 1.0000000e+00 5.0281427e-16 1.7547319e-09 1.4952682e-15
 8.6951930e-13 1.3793809e-14 5.0856276e-16 9.0359655e-17 1.4669681e-15]
Label: glue    Predictions: [3.2006746e-28 1.3713380e-25 1.5921119e-22 1.0000000e+00 6.3328616e-31
 3.0438909e-22 2.2615805e-28 2.0936100e-26 1.0993147e-18 4.2489019e-27]
Label: glue    Predictions: [1.3599713e-32 2.9881518e-28 1.6109333e-16 1.0000000e+00 2.6834698e-29
 5.5261042e-17 3.6744626e-30 5.6931542e-32 2.9631221e-21 7.6228695e-26]
Label: spray_bottle    Predictions: [1.0272849e-17 1.3860704e-16 1.3287473e-08 1.4769502e-17 1.0000000e+00
 9.7162218e-21 1.8852822e-14 1.3610414e-08 3.0469988e-18 6.0135282e-12]
Label: spray_bottle    Predictions: [1.5089049e-12 6.4054187e-13 2.1995767e-08 1.5340264e-16 9.9938405e-01
 1.5658460e-13 1.6843128e-09 6.1576627e-04 6.1619912e-14 1.3026660e-07]
Label: spray_bottle    Predictions: [1.0143594e-19 1.4092524e-23 6.5004536e-15 1.8957217e-21 1.0000000e+00
 1.4609659e-21 1.2548743e-15 1.6235058e-09 5.0347688e-22 2.4411469e-14]
Label: spray_bottle    Predictions: [1.4775722e-15 5.9915892e-14 1.6022663e-07 1.5806929e-15 9.9999285e-01
 3.8524887e-18 3.5198660e-12 7.0890519e-06 4.5001764e-15 6.6420353e-10]
Label: spray_bottle    Predictions: [2.8118996e-28 1.8885528e-30 3.2545613e-15 2.8917140e-34 1.0000000e+00
 4.0505593e-34 3.3612350e-27 8.9174854e-17 1.3413158e-31 1.1614925e-19]
Label: spray_bottle    Predictions: [5.7811467e-19 3.4068406e-20 5.7207901e-13 3.6082083e-21 9.9999976e-01
 8.1935584e-21 6.0069178e-14 2.2705987e-07 1.3220814e-18 4.9147205e-12]
Label: spray_bottle    Predictions: [4.6145714e-18 1.5376772e-19 4.3134813e-13 3.6121891e-21 1.0000000e+00
 5.7828655e-20 1.3291209e-14 1.0787691e-08 5.1558413e-20 2.3809814e-13]
Label: spray_bottle    Predictions: [1.41583368e-20 9.21651666e-22 1.95938435e-15 1.02157235e-23
 1.00000000e+00 3.48288224e-22 4.98623348e-17 4.36359282e-10
 2.98496101e-21 6.81020842e-15]
Label: spray_bottle    Predictions: [6.7927302e-19 7.8255688e-21 2.3191098e-13 2.5170619e-21 9.9999964e-01
 3.8639035e-20 1.8205366e-13 3.2292215e-07 2.1257254e-20 1.9473701e-13]
Label: spray_bottle    Predictions: [6.8076994e-27 1.3424731e-23 8.1899475e-18 9.1856058e-27 1.0000000e+00
 4.0969476e-26 5.8514023e-23 4.0668268e-14 1.7124814e-25 7.6322481e-16]
Label: spray_bottle    Predictions: [1.0288941e-15 2.0992851e-14 2.3043492e-09 1.3000226e-17 9.9910033e-01
 2.2099392e-15 1.7135371e-10 8.9737831e-04 1.2726100e-15 2.2223005e-06]
Label: spray_bottle    Predictions: [1.9516721e-18 1.3891043e-19 1.7253093e-08 1.2067999e-21 9.9999833e-01
 3.0239694e-21 4.6874697e-16 1.7137925e-06 4.4653387e-20 9.9570283e-12]
Label: spray_bottle    Predictions: [2.8118996e-28 1.8885528e-30 3.2545613e-15 2.8917140e-34 1.0000000e+00
 4.0505593e-34 3.3612350e-27 8.9174854e-17 1.3413158e-31 1.1614925e-19]
Label: spray_bottle    Predictions: [1.6622830e-16 4.9742198e-17 1.6029787e-07 9.6623963e-20 9.9997950e-01
 1.9793315e-18 3.6230991e-14 2.0353784e-05 1.1229950e-16 5.0197979e-09]
Label: spray_bottle    Predictions: [8.8438524e-21 4.7257620e-21 8.6206224e-12 1.9127311e-24 1.0000000e+00
 1.9526980e-23 6.2822544e-18 9.6169947e-13 3.6427580e-20 7.0732916e-14]
Label: spray_bottle    Predictions: [1.3795322e-12 5.5447580e-14 8.6129432e-09 9.4285598e-16 1.0000000e+00
 3.7694715e-15 1.8685268e-12 9.2075103e-09 3.6415865e-15 8.4089402e-11]
Label: spray_bottle    Predictions: [4.0230261e-16 1.8360440e-18 3.3503458e-10 3.2049556e-22 9.9999845e-01
 4.8502263e-19 9.2225794e-16 1.5883340e-06 4.4206885e-16 5.8691871e-12]
Label: spray_bottle    Predictions: [6.5248886e-26 3.8394016e-25 1.1232053e-18 3.3940390e-27 1.0000000e+00
 3.0899692e-25 2.0812468e-23 1.7364680e-15 2.8605872e-27 7.5401941e-16]
Label: spray_bottle    Predictions: [1.6229386e-21 1.0177465e-20 2.1754583e-14 2.7841249e-22 1.0000000e+00
 2.5684887e-22 1.0574874e-17 7.0492923e-10 4.9653277e-20 4.4753238e-12]
Label: spray_bottle    Predictions: [1.3522054e-16 2.6155078e-16 2.0332629e-10 2.3962711e-18 9.9993765e-01
 6.9339493e-17 1.4324751e-12 6.2346240e-05 1.0423832e-16 4.8520663e-09]
Label: toothbrushes    Predictions: [8.5972199e-24 5.0043422e-22 5.6336812e-16 3.7962941e-17 2.9721058e-24
 1.0000000e+00 1.6637340e-21 3.8456060e-23 3.6921447e-19 1.8779840e-16]
Label: toothbrushes    Predictions: [2.8775387e-28 5.1676401e-26 1.7839117e-21 3.5295742e-22 8.7936583e-29
 1.0000000e+00 5.4461182e-25 4.5811379e-27 1.2145549e-23 1.4872376e-20]
Label: toothbrushes    Predictions: [1.2481794e-25 1.1699167e-23 5.8862756e-18 1.3295156e-19 4.5908170e-25
 1.0000000e+00 6.2576474e-24 1.0834648e-26 1.9132832e-19 1.3729828e-16]
Label: toothbrushes    Predictions: [2.3287670e-26 3.3590979e-25 9.1445188e-21 3.6244340e-20 2.0404091e-22
 1.0000000e+00 3.9907016e-25 5.0193928e-28 2.5288184e-25 1.1992094e-17]
Label: toothbrushes    Predictions: [2.7052219e-26 1.2356111e-25 9.9845325e-22 6.1701425e-21 2.0333305e-22
 1.0000000e+00 1.5859509e-25 6.3546474e-29 1.0856918e-24 3.8160381e-18]
Label: toothbrushes    Predictions: [1.0932423e-18 4.6510572e-14 5.9615115e-15 4.5532924e-14 2.1305701e-15
 1.0000000e+00 5.6956284e-14 1.7531057e-17 1.6217058e-15 2.7923876e-12]
Label: toothbrushes    Predictions: [1.5780408e-23 2.1182932e-22 5.4940683e-18 4.5283201e-19 9.9275729e-20
 1.0000000e+00 6.6907537e-22 7.9870710e-29 8.7062202e-26 1.0805381e-19]
Label: toothbrushes    Predictions: [4.59190424e-17 3.20133074e-15 1.20041950e-14 1.04278795e-13
 4.01092653e-16 1.00000000e+00 3.49180597e-16 5.35173382e-17
 8.13872793e-15 6.72787728e-11]
Label: toothbrushes    Predictions: [1.0745100e-10 3.3993439e-07 5.1845922e-07 2.2537217e-02 7.3854461e-10
 9.7500062e-01 2.2309935e-06 1.8457492e-08 2.4512243e-09 2.4590588e-03]
Label: toothbrushes    Predictions: [3.5988764e-20 2.3029057e-14 9.3459879e-15 9.4961138e-08 4.4338639e-18
 9.9999988e-01 1.0762208e-15 7.4841575e-19 6.2602809e-14 3.4713248e-13]
Label: toothbrushes    Predictions: [2.7052219e-26 1.2356111e-25 9.9845325e-22 6.1701425e-21 2.0333305e-22
 1.0000000e+00 1.5859509e-25 6.3546474e-29 1.0856918e-24 3.8160381e-18]
Label: toothbrushes    Predictions: [2.0221185e-18 5.0980646e-14 5.8535755e-13 4.8662961e-14 1.0669831e-14
 1.0000000e+00 3.8853886e-16 1.5473176e-16 1.0086922e-13 8.3347262e-10]
Label: toothbrushes    Predictions: [2.7052219e-26 1.2356111e-25 9.9845325e-22 6.1701425e-21 2.0333305e-22
 1.0000000e+00 1.5859509e-25 6.3546474e-29 1.0856918e-24 3.8160381e-18]
Label: toothbrushes    Predictions: [1.1585339e-16 5.9706878e-10 8.5226981e-07 7.1592867e-06 2.0610289e-12
 9.9997342e-01 1.8365463e-05 2.0802128e-14 6.9353924e-12 2.1620720e-07]
Label: toothbrushes    Predictions: [1.2329527e-22 9.7225943e-22 2.7167049e-16 5.9450860e-17 7.8886139e-18
 1.0000000e+00 3.0407852e-19 5.0517845e-26 1.7045143e-21 9.0088737e-18]
Label: toothbrushes    Predictions: [1.27493189e-31 4.48760823e-30 1.38004037e-23 2.05802455e-26
 1.37068399e-33 1.00000000e+00 4.27797911e-28 8.65680784e-34
 3.63272708e-34 1.02878185e-19]
Label: toothbrushes    Predictions: [1.8237409e-18 9.2399214e-16 1.0391077e-08 3.4749653e-06 5.8095943e-14
 9.9996972e-01 4.3538710e-12 1.9109816e-16 7.1017665e-13 2.6868014e-05]
Label: toothbrushes    Predictions: [5.6696807e-15 4.6186988e-09 1.0244893e-06 3.2106924e-05 1.3831268e-12
 9.9996436e-01 2.4495725e-06 1.1578353e-14 1.8062289e-10 5.0164509e-08]
Label: toothbrushes    Predictions: [4.6023896e-17 2.5760808e-16 1.2592236e-07 2.3569365e-07 1.3053242e-17
 9.9999964e-01 4.1086594e-08 2.5542207e-16 3.0653525e-15 3.8279806e-09]
Label: toothbrushes    Predictions: [9.2427043e-31 7.6557502e-31 2.4796940e-21 1.9603399e-24 2.1179441e-31
 1.0000000e+00 2.2209239e-24 6.7862129e-32 3.3342568e-31 4.8124898e-19]
Label: toothpaste    Predictions: [1.2002025e-17 1.3962724e-13 2.2241677e-12 6.9707841e-13 5.0870084e-15
 1.4222107e-12 1.0000000e+00 5.1783553e-11 4.4249096e-14 6.7375818e-12]
Label: toothpaste    Predictions: [3.22388409e-20 2.64785824e-15 5.25779812e-14 3.01580592e-14
 1.73892555e-17 1.07755246e-14 1.00000000e+00 1.10826489e-13
 6.87853169e-16 4.16099040e-14]
Label: toothpaste    Predictions: [1.04767454e-16 8.97444960e-15 6.35727275e-08 3.98656777e-15
 8.57038832e-12 1.82556619e-08 9.99999881e-01 5.37532421e-13
 7.86479356e-16 4.12751083e-12]
Label: toothpaste    Predictions: [1.04767454e-16 8.97444960e-15 6.35727275e-08 3.98656777e-15
 8.57038832e-12 1.82556619e-08 9.99999881e-01 5.37532421e-13
 7.86479356e-16 4.12751083e-12]
Label: toothpaste    Predictions: [4.1378340e-13 1.4299843e-12 9.0910133e-04 3.8460759e-11 2.7357753e-06
 1.6645468e-05 9.9907124e-01 1.4428262e-07 3.7434927e-10 6.0924492e-08]
Label: toothpaste    Predictions: [1.05915331e-12 1.79861700e-13 6.41706210e-05 4.37896490e-11
 1.13672904e-07 3.08558612e-07 9.99935031e-01 1.01166178e-08
 2.67227023e-07 3.54242715e-08]
Label: toothpaste    Predictions: [1.4062628e-13 2.4741900e-10 1.2699707e-09 1.0549770e-10 1.2224696e-10
 4.8013494e-08 1.0000000e+00 5.3000523e-08 6.2870747e-10 3.1258232e-08]
Label: toothpaste    Predictions: [3.7652580e-14 2.9729227e-14 1.1137890e-04 6.5258103e-12 5.5522502e-08
 5.9311638e-08 9.9988818e-01 3.0248604e-09 2.5122768e-07 6.2275191e-08]
Label: toothpaste    Predictions: [3.1440108e-16 5.5547272e-14 3.5108542e-07 2.5474894e-14 3.0032327e-11
 4.7495210e-08 9.9999964e-01 4.6073020e-12 6.6167364e-15 4.9205664e-11]
Label: toothpaste    Predictions: [1.3564789e-16 6.9872777e-15 4.4964611e-07 3.9474315e-15 6.3266434e-11
 2.3519576e-07 9.9999928e-01 1.6879658e-12 6.0154196e-15 2.2813273e-12]
Label: toothpaste    Predictions: [1.04767454e-16 8.97444960e-15 6.35727275e-08 3.98656777e-15
 8.57038832e-12 1.82556619e-08 9.99999881e-01 5.37532421e-13
 7.86479356e-16 4.12751083e-12]
Label: toothpaste    Predictions: [1.5660181e-11 1.2978580e-12 1.6339517e-07 3.8136136e-08 4.2476619e-05
 4.7152508e-08 9.9994481e-01 6.0943867e-06 3.0436400e-08 6.3443917e-06]
Label: toothpaste    Predictions: [6.0693203e-08 1.4878468e-07 6.9216908e-06 3.9098464e-02 3.9037184e-07
 3.9630895e-04 9.4784647e-01 1.7782283e-03 1.6393871e-07 1.0872850e-02]
Label: toothpaste    Predictions: [1.04767454e-16 8.97444960e-15 6.35727275e-08 3.98656777e-15
 8.57038832e-12 1.82556619e-08 9.99999881e-01 5.37532421e-13
 7.86479356e-16 4.12751083e-12]
Label: toothpaste    Predictions: [6.6890258e-20 2.2795768e-15 7.6273074e-14 4.4841453e-14 2.4954514e-17
 5.5086195e-15 1.0000000e+00 5.1443347e-14 1.8944769e-15 3.3323022e-14]
Label: toothpaste    Predictions: [1.3152700e-19 6.6253951e-17 1.6546165e-14 6.5371894e-13 3.2657042e-15
 1.1217695e-13 1.0000000e+00 1.2562150e-12 8.9029081e-16 2.1935977e-12]
Label: toothpaste    Predictions: [6.4366785e-19 4.5426181e-16 9.7746269e-13 3.1093964e-10 1.3428165e-15
 3.4885174e-16 1.0000000e+00 4.7973524e-14 8.9137529e-15 2.6581279e-13]
Label: toothpaste    Predictions: [8.9457509e-20 1.0758223e-16 2.9076168e-14 8.4999871e-14 3.3147266e-16
 1.6567361e-13 1.0000000e+00 1.3324373e-12 6.7548650e-15 3.2079122e-12]
Label: toothpaste    Predictions: [1.03169515e-17 4.83479427e-14 4.90243588e-13 6.15953910e-09
 4.26318289e-15 1.49810093e-14 1.00000000e+00 9.19779796e-14
 2.14298133e-14 8.28203771e-13]
Label: toothpaste    Predictions: [5.8226696e-12 3.4324216e-06 5.3270377e-10 5.3141751e-08 2.3361585e-10
 6.2646599e-09 9.9999654e-01 1.9891728e-09 2.9741529e-10 4.5434416e-09]
Label: watermelon    Predictions: [3.3741085e-19 1.1992127e-19 1.2247838e-19 1.8037148e-21 4.1605462e-14
 7.3376272e-22 2.5347064e-20 1.0000000e+00 3.5881556e-21 1.3161711e-15]
Label: watermelon    Predictions: [1.9184960e-17 2.0226025e-20 7.6908391e-18 1.6432864e-19 7.0183387e-11
 5.3276487e-20 8.6638864e-17 1.0000000e+00 5.0031285e-19 2.1736966e-13]
Label: watermelon    Predictions: [3.5230269e-20 2.2102380e-19 3.7056906e-19 2.4614003e-22 2.5624525e-13
 3.3348081e-21 3.0032043e-19 1.0000000e+00 8.4718594e-21 1.4646252e-15]
Label: watermelon    Predictions: [1.2761291e-09 8.3521102e-13 1.0065505e-04 1.6071074e-12 1.6095878e-06
 1.8546350e-11 1.0110717e-09 9.9988604e-01 2.5191635e-13 1.1681765e-05]
Label: watermelon    Predictions: [5.0025756e-12 8.1149876e-18 8.4157159e-07 6.5035603e-14 5.7594573e-08
 4.3704703e-16 2.5245027e-13 9.9999857e-01 1.2546320e-17 5.7708957e-07]
Label: watermelon    Predictions: [5.0025756e-12 8.1149876e-18 8.4157159e-07 6.5035603e-14 5.7594573e-08
 4.3704703e-16 2.5245027e-13 9.9999857e-01 1.2546320e-17 5.7708957e-07]
Label: watermelon    Predictions: [1.1983176e-17 1.6534497e-17 5.6750025e-18 2.0016950e-19 1.7454796e-12
 5.7864625e-20 1.4442676e-17 1.0000000e+00 1.0758212e-18 2.6189083e-14]
Label: watermelon    Predictions: [4.0337623e-14 2.9160760e-17 4.7922544e-08 4.4998473e-15 9.7747765e-09
 5.5155315e-17 1.9043226e-12 9.9999988e-01 2.1988783e-17 8.0421884e-08]
Label: watermelon    Predictions: [3.4747262e-19 2.2123132e-19 3.4258572e-19 3.7243791e-21 1.4519959e-13
 1.1603133e-21 5.2947456e-20 1.0000000e+00 4.9945230e-21 3.1923065e-15]
Label: watermelon    Predictions: [2.2609635e-17 5.9326169e-20 3.2479121e-16 1.2203300e-19 6.9139854e-11
 1.9046756e-19 7.3897245e-17 1.0000000e+00 2.0141277e-18 3.0884854e-13]
Label: watermelon    Predictions: [3.3741085e-19 1.1992127e-19 1.2247838e-19 1.8037148e-21 4.1605462e-14
 7.3376272e-22 2.5347064e-20 1.0000000e+00 3.5881556e-21 1.3161711e-15]
Label: watermelon    Predictions: [1.2822399e-09 2.2571636e-12 8.6946659e-02 8.7521297e-09 4.8084187e-04
 1.5638631e-10 3.2644195e-08 9.1134924e-01 3.1596760e-13 1.2231907e-03]
Label: watermelon    Predictions: [1.7268136e-09 2.8410182e-13 5.7721172e-02 2.9921679e-10 8.6591463e-05
 2.8224935e-12 1.2428885e-08 9.4158965e-01 1.6354964e-14 6.0262380e-04]
Label: watermelon    Predictions: [7.3535095e-10 1.1173107e-11 5.2218106e-02 3.7144426e-10 5.9111724e-05
 1.5302770e-10 3.6804772e-07 9.3833572e-01 1.6038550e-13 9.3866596e-03]
Label: watermelon    Predictions: [2.9991161e-12 2.4272981e-17 2.3603808e-09 6.8215412e-16 1.0511337e-08
 6.3084129e-16 1.3305210e-14 1.0000000e+00 2.8287605e-19 7.9664183e-12]
Label: watermelon    Predictions: [5.1631325e-12 1.1520053e-18 1.4130796e-07 2.3829463e-14 2.0877302e-08
 1.2068183e-16 1.0826782e-13 9.9999952e-01 3.6587336e-18 3.2669655e-07]
Label: watermelon    Predictions: [5.5590649e-10 3.0890426e-11 3.2306144e-11 1.7566715e-12 2.8560081e-08
 9.4102623e-14 5.7576968e-12 1.0000000e+00 1.4125918e-12 3.5879171e-09]
Label: watermelon    Predictions: [1.3265744e-12 1.9618294e-12 4.1404900e-12 4.1544876e-14 2.1554209e-08
 5.3211857e-14 4.7651202e-12 1.0000000e+00 2.0960263e-12 8.3661300e-11]
Label: watermelon    Predictions: [4.61822713e-09 2.42408971e-14 4.50504878e-08 1.53643660e-11
 1.49451239e-07 9.93642627e-14 1.14631716e-11 9.99999523e-01
 8.56396208e-16 3.36088931e-07]
Label: watermelon    Predictions: [2.0879021e-16 8.5129374e-21 1.0267531e-15 2.1427592e-19 2.8285291e-11
 8.3313021e-19 9.8254922e-16 1.0000000e+00 4.6377044e-19 1.8311345e-13]
Label: wipes    Predictions: [4.6332891e-17 1.5427677e-16 2.6804823e-14 7.5537865e-15 1.0551313e-15
 3.9018139e-17 1.6883566e-12 4.7195746e-17 1.0000000e+00 2.4872282e-19]
Label: wipes    Predictions: [2.1283680e-23 3.4107303e-27 3.2057041e-12 4.1653593e-17 4.8122398e-16
 1.4163995e-22 3.6433797e-22 1.1911759e-17 1.0000000e+00 2.4828863e-19]
Label: wipes    Predictions: [6.7113844e-29 5.0975731e-31 4.6960507e-16 1.4184516e-18 1.1441786e-27
 2.9122112e-22 4.5583368e-27 2.9669796e-28 1.0000000e+00 2.4075733e-24]
Label: wipes    Predictions: [6.6043623e-21 6.6839715e-21 2.1197445e-14 5.3596716e-13 1.5214316e-21
 2.1816049e-13 4.3353735e-16 1.9935329e-20 1.0000000e+00 7.3056978e-16]
Label: wipes    Predictions: [8.02457182e-22 8.90052906e-24 3.85745706e-11 1.44345050e-12
 6.63167822e-21 4.10232751e-11 3.49208507e-09 1.26574135e-20
 1.00000000e+00 6.79637058e-09]
Label: wipes    Predictions: [6.02276368e-25 1.05018056e-29 2.98959425e-13 2.22810114e-18
 4.81253462e-23 3.90226060e-17 5.21071021e-20 8.53970177e-22
 1.00000000e+00 8.11947645e-21]
Label: wipes    Predictions: [3.78361418e-14 2.86083074e-14 3.44865470e-07 1.97550505e-12
 9.47613321e-10 1.23866060e-13 1.55753875e-02 8.31664966e-06
 9.84415948e-01 8.77747830e-09]
Label: wipes    Predictions: [1.0620376e-28 2.8262303e-31 1.1187208e-16 4.0981055e-18 1.4245020e-27
 4.7752681e-22 1.2949723e-27 3.2637401e-28 1.0000000e+00 4.5787144e-25]
Label: wipes    Predictions: [1.8293456e-22 1.6204748e-23 1.7915484e-15 3.4249424e-19 5.0919704e-18
 5.5526034e-24 9.4899820e-22 6.2135591e-20 1.0000000e+00 7.8411429e-20]
Label: wipes    Predictions: [5.9738685e-24 7.8005824e-24 9.2280077e-17 9.6309472e-20 1.9903651e-19
 2.5267657e-24 1.6568163e-23 1.5537542e-22 1.0000000e+00 8.8618488e-22]
Label: wipes    Predictions: [2.2598715e-14 3.6118625e-11 6.3438332e-10 5.4134630e-10 2.1175793e-13
 7.4233404e-11 1.2954224e-07 2.4345963e-13 9.9999988e-01 1.5925110e-09]
Label: wipes    Predictions: [1.4512419e-13 2.0514554e-14 3.4197616e-09 6.8032002e-09 2.5014982e-16
 2.6192492e-06 1.1303685e-09 3.9589572e-13 9.9999738e-01 1.5315699e-08]
Label: wipes    Predictions: [8.2214403e-25 1.6521604e-28 1.3698229e-16 1.4816542e-20 2.7062407e-21
 5.6796053e-29 4.9842277e-28 2.0981913e-26 1.0000000e+00 1.9366070e-24]
Label: wipes    Predictions: [8.6396811e-20 5.2893353e-20 4.8232248e-18 5.7391063e-14 2.1975513e-19
 3.4141954e-18 1.4193307e-15 5.9367991e-22 1.0000000e+00 2.1946570e-23]
Label: wipes    Predictions: [1.9578679e-22 3.5096401e-20 2.8973498e-16 5.5368149e-20 1.0633670e-21
 5.2822633e-18 2.3158130e-13 6.1576306e-22 1.0000000e+00 1.1273984e-12]
Label: wipes    Predictions: [2.4586769e-31 2.7999002e-36 3.0593211e-18 9.8658926e-26 1.1466722e-22
 1.3326469e-29 8.4326934e-34 1.6011037e-27 1.0000000e+00 3.5232583e-26]
Label: wipes    Predictions: [9.7986747e-27 2.9398968e-27 1.6336138e-16 7.2649242e-17 8.7602518e-27
 2.7622481e-22 8.0641974e-20 1.9779525e-26 1.0000000e+00 5.7743976e-21]
Label: wipes    Predictions: [2.7644189e-30 2.3732054e-32 2.4350302e-19 3.6207405e-22 3.0371602e-24
 5.1506436e-23 2.3389709e-25 2.3835308e-24 1.0000000e+00 2.4018096e-19]
Label: wipes    Predictions: [2.1002323e-14 4.6033957e-14 1.2775510e-07 4.9297751e-13 1.0477961e-12
 2.4972532e-10 2.5267486e-06 2.6108185e-09 9.9999738e-01 1.8499082e-12]
Label: wipes    Predictions: [1.0620376e-28 2.8262303e-31 1.1187208e-16 4.0981055e-18 1.4245020e-27
 4.7752681e-22 1.2949723e-27 3.2637401e-28 1.0000000e+00 4.5787144e-25]
Label: zoink    Predictions: [6.50049669e-32 0.00000000e+00 8.97643166e-16 9.66059915e-36
 1.64547165e-24 1.41358828e-28 3.13071859e-29 7.32080157e-28
 0.00000000e+00 1.00000000e+00]
Label: zoink    Predictions: [9.6801638e-27 1.8013688e-31 4.1350537e-05 7.4016062e-17 6.6234392e-14
 1.2600887e-16 2.3784551e-24 1.3571559e-20 4.1662965e-26 9.9995863e-01]
Label: zoink    Predictions: [6.3868449e-30 0.0000000e+00 2.5868423e-18 8.7579531e-33 1.3497391e-23
 4.6865372e-28 3.8530135e-27 1.3009256e-24 2.0105452e-38 1.0000000e+00]
Label: zoink    Predictions: [1.5352092e-27 1.9384134e-36 2.5926082e-13 3.8172068e-31 2.6086366e-23
 6.6136552e-24 5.6527252e-26 3.8108770e-24 6.3597903e-36 1.0000000e+00]
Label: zoink    Predictions: [1.2885622e-20 2.2674536e-31 9.4077893e-04 6.0719198e-28 5.8798311e-10
 2.1914853e-26 5.0149065e-18 6.4104614e-13 4.7004955e-33 9.9905926e-01]
Label: zoink    Predictions: [8.4267765e-34 0.0000000e+00 1.9980155e-14 0.0000000e+00 2.4760214e-25
 1.7994099e-24 6.7030817e-33 2.9216422e-33 0.0000000e+00 1.0000000e+00]
Label: zoink    Predictions: [1.9007558e-21 5.6379395e-32 3.8447371e-04 3.1188500e-28 8.8042018e-11
 5.4506471e-27 3.8797873e-19 1.6483981e-12 7.0785166e-34 9.9961555e-01]
Label: zoink    Predictions: [5.0158250e-31 0.0000000e+00 1.6631988e-16 6.3390846e-35 8.1250725e-24
 6.8614552e-28 1.4799027e-28 6.8401299e-28 0.0000000e+00 1.0000000e+00]
Label: zoink    Predictions: [1.0741188e-34 0.0000000e+00 1.7793179e-13 5.9551294e-36 7.9082088e-23
 3.9462877e-24 7.4824001e-31 4.1535226e-32 4.2937674e-38 1.0000000e+00]
Label: zoink    Predictions: [2.0966055e-27 1.0806293e-33 3.9507063e-06 1.4617522e-20 8.2087142e-14
 9.9378174e-17 2.2282134e-24 2.0940633e-20 2.9882310e-28 9.9999607e-01]
Label: zoink    Predictions: [3.9228133e-28 2.9679826e-35 1.7693376e-06 2.4823631e-25 1.4924446e-15
 2.7800758e-15 1.4500153e-27 3.1459338e-26 1.4166012e-31 9.9999821e-01]
Label: zoink    Predictions: [8.5932781e-33 0.0000000e+00 4.3736430e-17 0.0000000e+00 3.3787717e-26
 5.6127696e-30 2.6749753e-30 1.6568317e-27 0.0000000e+00 1.0000000e+00]
Label: zoink    Predictions: [8.4267765e-34 0.0000000e+00 1.9980155e-14 0.0000000e+00 2.4760214e-25
 1.7994099e-24 6.7030817e-33 2.9216422e-33 0.0000000e+00 1.0000000e+00]
Label: zoink    Predictions: [8.4267765e-34 0.0000000e+00 1.9980155e-14 0.0000000e+00 2.4760214e-25
 1.7994099e-24 6.7030817e-33 2.9216422e-33 0.0000000e+00 1.0000000e+00]
Label: zoink    Predictions: [5.0158250e-31 0.0000000e+00 1.6631988e-16 6.3390846e-35 8.1250725e-24
 6.8614552e-28 1.4799027e-28 6.8401299e-28 0.0000000e+00 1.0000000e+00]
Label: zoink    Predictions: [4.4561801e-25 1.2384650e-34 6.9295194e-16 2.0212272e-30 1.0062199e-19
 1.8258613e-28 6.7054237e-21 9.0579360e-20 4.4391233e-35 1.0000000e+00]
Label: zoink    Predictions: [1.6750076e-26 6.5609703e-36 2.8128707e-13 2.3988728e-32 1.1442159e-23
 3.1909145e-25 1.2994958e-26 2.4884663e-23 1.2504511e-35 1.0000000e+00]
Label: zoink    Predictions: [5.7138438e-25 8.4889622e-31 9.1244018e-12 5.5058997e-26 2.7914394e-16
 1.2163158e-17 9.8844686e-25 6.8184764e-22 4.7270590e-29 1.0000000e+00]
Label: zoink    Predictions: [1.0764977e-27 4.2341284e-35 8.8159517e-16 6.0812720e-30 5.4366846e-21
 1.7568667e-26 6.8775034e-25 4.8072874e-23 8.7012963e-36 1.0000000e+00]
Label: zoink    Predictions: [1.9259287e-21 2.7837160e-27 2.9404577e-02 1.7700965e-15 1.1030989e-09
 1.6031775e-11 4.2407792e-18 3.7584094e-12 1.1754760e-19 9.7059548e-01]
