Label: climbing_hold    Predictions: [0.10013641 0.09994241 0.10003952 0.09999661 0.10027461 0.09973798
 0.09958666 0.10006937 0.10040606 0.09981035]
Label: climbing_hold    Predictions: [0.10013641 0.09994241 0.10003952 0.09999661 0.10027461 0.09973798
 0.09958666 0.10006937 0.10040606 0.09981035]
Label: climbing_hold    Predictions: [0.10013641 0.09994241 0.10003952 0.09999661 0.10027461 0.09973798
 0.09958666 0.10006937 0.10040606 0.09981035]
Label: climbing_hold    Predictions: [0.10013641 0.09994241 0.10003952 0.09999661 0.10027461 0.09973798
 0.09958666 0.10006937 0.10040606 0.09981035]
Label: climbing_hold    Predictions: [0.10013641 0.09994241 0.10003952 0.09999661 0.10027461 0.09973798
 0.09958666 0.10006937 0.10040606 0.09981035]
Label: climbing_hold    Predictions: [0.10013641 0.09994241 0.10003952 0.09999661 0.10027461 0.09973798
 0.09958666 0.10006937 0.10040606 0.09981035]
Label: climbing_hold    Predictions: [0.10013641 0.09994241 0.10003952 0.09999661 0.10027461 0.09973798
 0.09958666 0.10006937 0.10040606 0.09981035]
Label: climbing_hold    Predictions: [0.10013641 0.09994241 0.10003952 0.09999661 0.10027461 0.09973798
 0.09958666 0.10006937 0.10040606 0.09981035]
Label: climbing_hold    Predictions: [0.10013641 0.09994241 0.10003952 0.09999661 0.10027461 0.09973798
 0.09958666 0.10006937 0.10040606 0.09981035]
Label: climbing_hold    Predictions: [0.10013641 0.09994241 0.10003952 0.09999661 0.10027461 0.09973798
 0.09958666 0.10006937 0.10040606 0.09981035]
Label: climbing_hold    Predictions: [0.10013641 0.09994241 0.10003952 0.09999661 0.10027461 0.09973798
 0.09958666 0.10006937 0.10040606 0.09981035]
Label: climbing_hold    Predictions: [0.10013641 0.09994241 0.10003952 0.09999661 0.10027461 0.09973798
 0.09958666 0.10006937 0.10040606 0.09981035]
Label: climbing_hold    Predictions: [0.10013641 0.09994241 0.10003952 0.09999661 0.10027461 0.09973798
 0.09958666 0.10006937 0.10040606 0.09981035]
Label: climbing_hold    Predictions: [0.10013641 0.09994241 0.10003952 0.09999661 0.10027461 0.09973798
 0.09958666 0.10006937 0.10040606 0.09981035]
Label: climbing_hold    Predictions: [0.10013641 0.09994241 0.10003952 0.09999661 0.10027461 0.09973798
 0.09958666 0.10006937 0.10040606 0.09981035]
Label: climbing_hold    Predictions: [0.10013641 0.09994241 0.10003952 0.09999661 0.10027461 0.09973798
 0.09958666 0.10006937 0.10040606 0.09981035]
Label: climbing_hold    Predictions: [0.10013641 0.09994241 0.10003952 0.09999661 0.10027461 0.09973798
 0.09958666 0.10006937 0.10040606 0.09981035]
Label: climbing_hold    Predictions: [0.10013641 0.09994241 0.10003952 0.09999661 0.10027461 0.09973798
 0.09958666 0.10006937 0.10040606 0.09981035]
Label: climbing_hold    Predictions: [0.10013641 0.09994241 0.10003952 0.09999661 0.10027461 0.09973798
 0.09958666 0.10006937 0.10040606 0.09981035]
Label: climbing_hold    Predictions: [0.10013641 0.09994241 0.10003952 0.09999661 0.10027461 0.09973798
 0.09958666 0.10006937 0.10040606 0.09981035]
Label: clip    Predictions: [0.10013641 0.09994241 0.10003952 0.09999661 0.10027461 0.09973798
 0.09958666 0.10006937 0.10040606 0.09981035]
Label: clip    Predictions: [0.10013641 0.09994241 0.10003952 0.09999661 0.10027461 0.09973798
 0.09958666 0.10006937 0.10040606 0.09981035]
Label: clip    Predictions: [0.10013641 0.09994241 0.10003952 0.09999661 0.10027461 0.09973798
 0.09958666 0.10006937 0.10040606 0.09981035]
Label: clip    Predictions: [0.10013641 0.09994241 0.10003952 0.09999661 0.10027461 0.09973798
 0.09958666 0.10006937 0.10040606 0.09981035]
Label: clip    Predictions: [0.10013641 0.09994241 0.10003952 0.09999661 0.10027461 0.09973798
 0.09958666 0.10006937 0.10040606 0.09981035]
Label: clip    Predictions: [0.10013641 0.09994241 0.10003952 0.09999661 0.10027461 0.09973798
 0.09958666 0.10006937 0.10040606 0.09981035]
Label: clip    Predictions: [0.10013641 0.09994241 0.10003952 0.09999661 0.10027461 0.09973798
 0.09958666 0.10006937 0.10040606 0.09981035]
Label: clip    Predictions: [0.10013641 0.09994241 0.10003952 0.09999661 0.10027461 0.09973798
 0.09958666 0.10006937 0.10040606 0.09981035]
Label: clip    Predictions: [0.10013641 0.09994241 0.10003952 0.09999661 0.10027461 0.09973798
 0.09958666 0.10006937 0.10040606 0.09981035]
Label: clip    Predictions: [0.10013641 0.09994241 0.10003952 0.09999661 0.10027461 0.09973798
 0.09958666 0.10006937 0.10040606 0.09981035]
Label: clip    Predictions: [0.10013641 0.09994241 0.10003952 0.09999661 0.10027461 0.09973798
 0.09958666 0.10006937 0.10040606 0.09981035]
Label: clip    Predictions: [0.10013641 0.09994241 0.10003952 0.09999661 0.10027461 0.09973798
 0.09958666 0.10006937 0.10040606 0.09981035]
Label: clip    Predictions: [0.10013641 0.09994241 0.10003952 0.09999661 0.10027461 0.09973798
 0.09958666 0.10006937 0.10040606 0.09981035]
Label: clip    Predictions: [0.10013641 0.09994241 0.10003952 0.09999661 0.10027461 0.09973798
 0.09958666 0.10006937 0.10040606 0.09981035]
Label: clip    Predictions: [0.10013641 0.09994241 0.10003952 0.09999661 0.10027461 0.09973798
 0.09958666 0.10006937 0.10040606 0.09981035]
Label: clip    Predictions: [0.10013641 0.09994241 0.10003952 0.09999661 0.10027461 0.09973798
 0.09958666 0.10006937 0.10040606 0.09981035]
Label: clip    Predictions: [0.10013641 0.09994241 0.10003952 0.09999661 0.10027461 0.09973798
 0.09958666 0.10006937 0.10040606 0.09981035]
Label: clip    Predictions: [0.10013641 0.09994241 0.10003952 0.09999661 0.10027461 0.09973798
 0.09958666 0.10006937 0.10040606 0.09981035]
Label: clip    Predictions: [0.10013641 0.09994241 0.10003952 0.09999661 0.10027461 0.09973798
 0.09958666 0.10006937 0.10040606 0.09981035]
Label: clip    Predictions: [0.10013641 0.09994241 0.10003952 0.09999661 0.10027461 0.09973798
 0.09958666 0.10006937 0.10040606 0.09981035]
Label: dasani    Predictions: [0.10013641 0.09994241 0.10003952 0.09999661 0.10027461 0.09973798
 0.09958666 0.10006937 0.10040606 0.09981035]
Label: dasani    Predictions: [0.10013641 0.09994241 0.10003952 0.09999661 0.10027461 0.09973798
 0.09958666 0.10006937 0.10040606 0.09981035]
Label: dasani    Predictions: [0.10013641 0.09994241 0.10003952 0.09999661 0.10027461 0.09973798
 0.09958666 0.10006937 0.10040606 0.09981035]
Label: dasani    Predictions: [0.10013641 0.09994241 0.10003952 0.09999661 0.10027461 0.09973798
 0.09958666 0.10006937 0.10040606 0.09981035]
Label: dasani    Predictions: [0.10013641 0.09994241 0.10003952 0.09999661 0.10027461 0.09973798
 0.09958666 0.10006937 0.10040606 0.09981035]
Label: dasani    Predictions: [0.10013641 0.09994241 0.10003952 0.09999661 0.10027461 0.09973798
 0.09958666 0.10006937 0.10040606 0.09981035]
Label: dasani    Predictions: [0.10013641 0.09994241 0.10003952 0.09999661 0.10027461 0.09973798
 0.09958666 0.10006937 0.10040606 0.09981035]
Label: dasani    Predictions: [0.10013641 0.09994241 0.10003952 0.09999661 0.10027461 0.09973798
 0.09958666 0.10006937 0.10040606 0.09981035]
Label: dasani    Predictions: [0.10013641 0.09994241 0.10003952 0.09999661 0.10027461 0.09973798
 0.09958666 0.10006937 0.10040606 0.09981035]
Label: dasani    Predictions: [0.10013641 0.09994241 0.10003952 0.09999661 0.10027461 0.09973798
 0.09958666 0.10006937 0.10040606 0.09981035]
Label: dasani    Predictions: [0.10013641 0.09994241 0.10003952 0.09999661 0.10027461 0.09973798
 0.09958666 0.10006937 0.10040606 0.09981035]
Label: dasani    Predictions: [0.10013641 0.09994241 0.10003952 0.09999661 0.10027461 0.09973798
 0.09958666 0.10006937 0.10040606 0.09981035]
Label: dasani    Predictions: [0.10013641 0.09994241 0.10003952 0.09999661 0.10027461 0.09973798
 0.09958666 0.10006937 0.10040606 0.09981035]
Label: dasani    Predictions: [0.10013641 0.09994241 0.10003952 0.09999661 0.10027461 0.09973798
 0.09958666 0.10006937 0.10040606 0.09981035]
Label: dasani    Predictions: [0.10013641 0.09994241 0.10003952 0.09999661 0.10027461 0.09973798
 0.09958666 0.10006937 0.10040606 0.09981035]
Label: dasani    Predictions: [0.10013641 0.09994241 0.10003952 0.09999661 0.10027461 0.09973798
 0.09958666 0.10006937 0.10040606 0.09981035]
Label: dasani    Predictions: [0.10013641 0.09994241 0.10003952 0.09999661 0.10027461 0.09973798
 0.09958666 0.10006937 0.10040606 0.09981035]
Label: dasani    Predictions: [0.10013641 0.09994241 0.10003952 0.09999661 0.10027461 0.09973798
 0.09958666 0.10006937 0.10040606 0.09981035]
Label: dasani    Predictions: [0.10013641 0.09994241 0.10003952 0.09999661 0.10027461 0.09973798
 0.09958666 0.10006937 0.10040606 0.09981035]
Label: dasani    Predictions: [0.10013641 0.09994241 0.10003952 0.09999661 0.10027461 0.09973798
 0.09958666 0.10006937 0.10040606 0.09981035]
Label: glue    Predictions: [0.10013641 0.09994241 0.10003952 0.09999661 0.10027461 0.09973798
 0.09958666 0.10006937 0.10040606 0.09981035]
Label: glue    Predictions: [0.10013641 0.09994241 0.10003952 0.09999661 0.10027461 0.09973798
 0.09958666 0.10006937 0.10040606 0.09981035]
Label: glue    Predictions: [0.10013641 0.09994241 0.10003952 0.09999661 0.10027461 0.09973798
 0.09958666 0.10006937 0.10040606 0.09981035]
Label: glue    Predictions: [0.10013641 0.09994241 0.10003952 0.09999661 0.10027461 0.09973798
 0.09958666 0.10006937 0.10040606 0.09981035]
Label: glue    Predictions: [0.10013641 0.09994241 0.10003952 0.09999661 0.10027461 0.09973798
 0.09958666 0.10006937 0.10040606 0.09981035]
Label: glue    Predictions: [0.10013641 0.09994241 0.10003952 0.09999661 0.10027461 0.09973798
 0.09958666 0.10006937 0.10040606 0.09981035]
Label: glue    Predictions: [0.10013641 0.09994241 0.10003952 0.09999661 0.10027461 0.09973798
 0.09958666 0.10006937 0.10040606 0.09981035]
Label: glue    Predictions: [0.10013641 0.09994241 0.10003952 0.09999661 0.10027461 0.09973798
 0.09958666 0.10006937 0.10040606 0.09981035]
Label: glue    Predictions: [0.10013641 0.09994241 0.10003952 0.09999661 0.10027461 0.09973798
 0.09958666 0.10006937 0.10040606 0.09981035]
Label: glue    Predictions: [0.10013641 0.09994241 0.10003952 0.09999661 0.10027461 0.09973798
 0.09958666 0.10006937 0.10040606 0.09981035]
Label: glue    Predictions: [0.10013641 0.09994241 0.10003952 0.09999661 0.10027461 0.09973798
 0.09958666 0.10006937 0.10040606 0.09981035]
Label: glue    Predictions: [0.10013641 0.09994241 0.10003952 0.09999661 0.10027461 0.09973798
 0.09958666 0.10006937 0.10040606 0.09981035]
Label: glue    Predictions: [0.10013641 0.09994241 0.10003952 0.09999661 0.10027461 0.09973798
 0.09958666 0.10006937 0.10040606 0.09981035]
Label: glue    Predictions: [0.10013641 0.09994241 0.10003952 0.09999661 0.10027461 0.09973798
 0.09958666 0.10006937 0.10040606 0.09981035]
Label: glue    Predictions: [0.10013641 0.09994241 0.10003952 0.09999661 0.10027461 0.09973798
 0.09958666 0.10006937 0.10040606 0.09981035]
Label: glue    Predictions: [0.10013641 0.09994241 0.10003952 0.09999661 0.10027461 0.09973798
 0.09958666 0.10006937 0.10040606 0.09981035]
Label: glue    Predictions: [0.10013641 0.09994241 0.10003952 0.09999661 0.10027461 0.09973798
 0.09958666 0.10006937 0.10040606 0.09981035]
Label: glue    Predictions: [0.10013641 0.09994241 0.10003952 0.09999661 0.10027461 0.09973798
 0.09958666 0.10006937 0.10040606 0.09981035]
Label: glue    Predictions: [0.10013641 0.09994241 0.10003952 0.09999661 0.10027461 0.09973798
 0.09958666 0.10006937 0.10040606 0.09981035]
Label: glue    Predictions: [0.10013641 0.09994241 0.10003952 0.09999661 0.10027461 0.09973798
 0.09958666 0.10006937 0.10040606 0.09981035]
Label: spray_bottle    Predictions: [0.10013641 0.09994241 0.10003952 0.09999661 0.10027461 0.09973798
 0.09958666 0.10006937 0.10040606 0.09981035]
Label: spray_bottle    Predictions: [0.10013641 0.09994241 0.10003952 0.09999661 0.10027461 0.09973798
 0.09958666 0.10006937 0.10040606 0.09981035]
Label: spray_bottle    Predictions: [0.10013641 0.09994241 0.10003952 0.09999661 0.10027461 0.09973798
 0.09958666 0.10006937 0.10040606 0.09981035]
Label: spray_bottle    Predictions: [0.10013641 0.09994241 0.10003952 0.09999661 0.10027461 0.09973798
 0.09958666 0.10006937 0.10040606 0.09981035]
Label: spray_bottle    Predictions: [0.10013641 0.09994241 0.10003952 0.09999661 0.10027461 0.09973798
 0.09958666 0.10006937 0.10040606 0.09981035]
Label: spray_bottle    Predictions: [0.10013641 0.09994241 0.10003952 0.09999661 0.10027461 0.09973798
 0.09958666 0.10006937 0.10040606 0.09981035]
Label: spray_bottle    Predictions: [0.10013641 0.09994241 0.10003952 0.09999661 0.10027461 0.09973798
 0.09958666 0.10006937 0.10040606 0.09981035]
Label: spray_bottle    Predictions: [0.10013641 0.09994241 0.10003952 0.09999661 0.10027461 0.09973798
 0.09958666 0.10006937 0.10040606 0.09981035]
Label: spray_bottle    Predictions: [0.10013641 0.09994241 0.10003952 0.09999661 0.10027461 0.09973798
 0.09958666 0.10006937 0.10040606 0.09981035]
Label: spray_bottle    Predictions: [0.10013641 0.09994241 0.10003952 0.09999661 0.10027461 0.09973798
 0.09958666 0.10006937 0.10040606 0.09981035]
Label: spray_bottle    Predictions: [0.10013641 0.09994241 0.10003952 0.09999661 0.10027461 0.09973798
 0.09958666 0.10006937 0.10040606 0.09981035]
Label: spray_bottle    Predictions: [0.10013641 0.09994241 0.10003952 0.09999661 0.10027461 0.09973798
 0.09958666 0.10006937 0.10040606 0.09981035]
Label: spray_bottle    Predictions: [0.10013641 0.09994241 0.10003952 0.09999661 0.10027461 0.09973798
 0.09958666 0.10006937 0.10040606 0.09981035]
Label: spray_bottle    Predictions: [0.10013641 0.09994241 0.10003952 0.09999661 0.10027461 0.09973798
 0.09958666 0.10006937 0.10040606 0.09981035]
Label: spray_bottle    Predictions: [0.10013641 0.09994241 0.10003952 0.09999661 0.10027461 0.09973798
 0.09958666 0.10006937 0.10040606 0.09981035]
Label: spray_bottle    Predictions: [0.10013641 0.09994241 0.10003952 0.09999661 0.10027461 0.09973798
 0.09958666 0.10006937 0.10040606 0.09981035]
Label: spray_bottle    Predictions: [0.10013641 0.09994241 0.10003952 0.09999661 0.10027461 0.09973798
 0.09958666 0.10006937 0.10040606 0.09981035]
Label: spray_bottle    Predictions: [0.10013641 0.09994241 0.10003952 0.09999661 0.10027461 0.09973798
 0.09958666 0.10006937 0.10040606 0.09981035]
Label: spray_bottle    Predictions: [0.10013641 0.09994241 0.10003952 0.09999661 0.10027461 0.09973798
 0.09958666 0.10006937 0.10040606 0.09981035]
Label: spray_bottle    Predictions: [0.10013641 0.09994241 0.10003952 0.09999661 0.10027461 0.09973798
 0.09958666 0.10006937 0.10040606 0.09981035]
Label: toothbrushes    Predictions: [0.10013641 0.09994241 0.10003952 0.09999661 0.10027461 0.09973798
 0.09958666 0.10006937 0.10040606 0.09981035]
Label: toothbrushes    Predictions: [0.10013641 0.09994241 0.10003952 0.09999661 0.10027461 0.09973798
 0.09958666 0.10006937 0.10040606 0.09981035]
Label: toothbrushes    Predictions: [0.10013641 0.09994241 0.10003952 0.09999661 0.10027461 0.09973798
 0.09958666 0.10006937 0.10040606 0.09981035]
Label: toothbrushes    Predictions: [0.10013641 0.09994241 0.10003952 0.09999661 0.10027461 0.09973798
 0.09958666 0.10006937 0.10040606 0.09981035]
Label: toothbrushes    Predictions: [0.10013641 0.09994241 0.10003952 0.09999661 0.10027461 0.09973798
 0.09958666 0.10006937 0.10040606 0.09981035]
Label: toothbrushes    Predictions: [0.10013641 0.09994241 0.10003952 0.09999661 0.10027461 0.09973798
 0.09958666 0.10006937 0.10040606 0.09981035]
Label: toothbrushes    Predictions: [0.10013641 0.09994241 0.10003952 0.09999661 0.10027461 0.09973798
 0.09958666 0.10006937 0.10040606 0.09981035]
Label: toothbrushes    Predictions: [0.10013641 0.09994241 0.10003952 0.09999661 0.10027461 0.09973798
 0.09958666 0.10006937 0.10040606 0.09981035]
Label: toothbrushes    Predictions: [0.10013641 0.09994241 0.10003952 0.09999661 0.10027461 0.09973798
 0.09958666 0.10006937 0.10040606 0.09981035]
Label: toothbrushes    Predictions: [0.10013641 0.09994241 0.10003952 0.09999661 0.10027461 0.09973798
 0.09958666 0.10006937 0.10040606 0.09981035]
Label: toothbrushes    Predictions: [0.10013641 0.09994241 0.10003952 0.09999661 0.10027461 0.09973798
 0.09958666 0.10006937 0.10040606 0.09981035]
Label: toothbrushes    Predictions: [0.10013641 0.09994241 0.10003952 0.09999661 0.10027461 0.09973798
 0.09958666 0.10006937 0.10040606 0.09981035]
Label: toothbrushes    Predictions: [0.10013641 0.09994241 0.10003952 0.09999661 0.10027461 0.09973798
 0.09958666 0.10006937 0.10040606 0.09981035]
Label: toothbrushes    Predictions: [0.10013641 0.09994241 0.10003952 0.09999661 0.10027461 0.09973798
 0.09958666 0.10006937 0.10040606 0.09981035]
Label: toothbrushes    Predictions: [0.10013641 0.09994241 0.10003952 0.09999661 0.10027461 0.09973798
 0.09958666 0.10006937 0.10040606 0.09981035]
Label: toothbrushes    Predictions: [0.10013641 0.09994241 0.10003952 0.09999661 0.10027461 0.09973798
 0.09958666 0.10006937 0.10040606 0.09981035]
Label: toothbrushes    Predictions: [0.10013641 0.09994241 0.10003952 0.09999661 0.10027461 0.09973798
 0.09958666 0.10006937 0.10040606 0.09981035]
Label: toothbrushes    Predictions: [0.10013641 0.09994241 0.10003952 0.09999661 0.10027461 0.09973798
 0.09958666 0.10006937 0.10040606 0.09981035]
Label: toothbrushes    Predictions: [0.10013641 0.09994241 0.10003952 0.09999661 0.10027461 0.09973798
 0.09958666 0.10006937 0.10040606 0.09981035]
Label: toothbrushes    Predictions: [0.10013641 0.09994241 0.10003952 0.09999661 0.10027461 0.09973798
 0.09958666 0.10006937 0.10040606 0.09981035]
Label: toothpaste    Predictions: [0.10013641 0.09994241 0.10003952 0.09999661 0.10027461 0.09973798
 0.09958666 0.10006937 0.10040606 0.09981035]
Label: toothpaste    Predictions: [0.10013641 0.09994241 0.10003952 0.09999661 0.10027461 0.09973798
 0.09958666 0.10006937 0.10040606 0.09981035]
Label: toothpaste    Predictions: [0.10013641 0.09994241 0.10003952 0.09999661 0.10027461 0.09973798
 0.09958666 0.10006937 0.10040606 0.09981035]
Label: toothpaste    Predictions: [0.10013641 0.09994241 0.10003952 0.09999661 0.10027461 0.09973798
 0.09958666 0.10006937 0.10040606 0.09981035]
Label: toothpaste    Predictions: [0.10013641 0.09994241 0.10003952 0.09999661 0.10027461 0.09973798
 0.09958666 0.10006937 0.10040606 0.09981035]
Label: toothpaste    Predictions: [0.10013641 0.09994241 0.10003952 0.09999661 0.10027461 0.09973798
 0.09958666 0.10006937 0.10040606 0.09981035]
Label: toothpaste    Predictions: [0.10013641 0.09994241 0.10003952 0.09999661 0.10027461 0.09973798
 0.09958666 0.10006937 0.10040606 0.09981035]
Label: toothpaste    Predictions: [0.10013641 0.09994241 0.10003952 0.09999661 0.10027461 0.09973798
 0.09958666 0.10006937 0.10040606 0.09981035]
Label: toothpaste    Predictions: [0.10013641 0.09994241 0.10003952 0.09999661 0.10027461 0.09973798
 0.09958666 0.10006937 0.10040606 0.09981035]
Label: toothpaste    Predictions: [0.10013641 0.09994241 0.10003952 0.09999661 0.10027461 0.09973798
 0.09958666 0.10006937 0.10040606 0.09981035]
Label: toothpaste    Predictions: [0.10013641 0.09994241 0.10003952 0.09999661 0.10027461 0.09973798
 0.09958666 0.10006937 0.10040606 0.09981035]
Label: toothpaste    Predictions: [0.10013641 0.09994241 0.10003952 0.09999661 0.10027461 0.09973798
 0.09958666 0.10006937 0.10040606 0.09981035]
Label: toothpaste    Predictions: [0.10013641 0.09994241 0.10003952 0.09999661 0.10027461 0.09973798
 0.09958666 0.10006937 0.10040606 0.09981035]
Label: toothpaste    Predictions: [0.10013641 0.09994241 0.10003952 0.09999661 0.10027461 0.09973798
 0.09958666 0.10006937 0.10040606 0.09981035]
Label: toothpaste    Predictions: [0.10013641 0.09994241 0.10003952 0.09999661 0.10027461 0.09973798
 0.09958666 0.10006937 0.10040606 0.09981035]
Label: toothpaste    Predictions: [0.10013641 0.09994241 0.10003952 0.09999661 0.10027461 0.09973798
 0.09958666 0.10006937 0.10040606 0.09981035]
Label: toothpaste    Predictions: [0.10013641 0.09994241 0.10003952 0.09999661 0.10027461 0.09973798
 0.09958666 0.10006937 0.10040606 0.09981035]
Label: toothpaste    Predictions: [0.10013641 0.09994241 0.10003952 0.09999661 0.10027461 0.09973798
 0.09958666 0.10006937 0.10040606 0.09981035]
Label: toothpaste    Predictions: [0.10013641 0.09994241 0.10003952 0.09999661 0.10027461 0.09973798
 0.09958666 0.10006937 0.10040606 0.09981035]
Label: toothpaste    Predictions: [0.10013641 0.09994241 0.10003952 0.09999661 0.10027461 0.09973798
 0.09958666 0.10006937 0.10040606 0.09981035]
Label: watermelon    Predictions: [0.10013641 0.09994241 0.10003952 0.09999661 0.10027461 0.09973798
 0.09958666 0.10006937 0.10040606 0.09981035]
Label: watermelon    Predictions: [0.10013641 0.09994241 0.10003952 0.09999661 0.10027461 0.09973798
 0.09958666 0.10006937 0.10040606 0.09981035]
Label: watermelon    Predictions: [0.10013641 0.09994241 0.10003952 0.09999661 0.10027461 0.09973798
 0.09958666 0.10006937 0.10040606 0.09981035]
Label: watermelon    Predictions: [0.10013641 0.09994241 0.10003952 0.09999661 0.10027461 0.09973798
 0.09958666 0.10006937 0.10040606 0.09981035]
Label: watermelon    Predictions: [0.10013641 0.09994241 0.10003952 0.09999661 0.10027461 0.09973798
 0.09958666 0.10006937 0.10040606 0.09981035]
Label: watermelon    Predictions: [0.10013641 0.09994241 0.10003952 0.09999661 0.10027461 0.09973798
 0.09958666 0.10006937 0.10040606 0.09981035]
Label: watermelon    Predictions: [0.10013641 0.09994241 0.10003952 0.09999661 0.10027461 0.09973798
 0.09958666 0.10006937 0.10040606 0.09981035]
Label: watermelon    Predictions: [0.10013641 0.09994241 0.10003952 0.09999661 0.10027461 0.09973798
 0.09958666 0.10006937 0.10040606 0.09981035]
Label: watermelon    Predictions: [0.10013641 0.09994241 0.10003952 0.09999661 0.10027461 0.09973798
 0.09958666 0.10006937 0.10040606 0.09981035]
Label: watermelon    Predictions: [0.10013641 0.09994241 0.10003952 0.09999661 0.10027461 0.09973798
 0.09958666 0.10006937 0.10040606 0.09981035]
Label: watermelon    Predictions: [0.10013641 0.09994241 0.10003952 0.09999661 0.10027461 0.09973798
 0.09958666 0.10006937 0.10040606 0.09981035]
Label: watermelon    Predictions: [0.10013641 0.09994241 0.10003952 0.09999661 0.10027461 0.09973798
 0.09958666 0.10006937 0.10040606 0.09981035]
Label: watermelon    Predictions: [0.10013641 0.09994241 0.10003952 0.09999661 0.10027461 0.09973798
 0.09958666 0.10006937 0.10040606 0.09981035]
Label: watermelon    Predictions: [0.10013641 0.09994241 0.10003952 0.09999661 0.10027461 0.09973798
 0.09958666 0.10006937 0.10040606 0.09981035]
Label: watermelon    Predictions: [0.10013641 0.09994241 0.10003952 0.09999661 0.10027461 0.09973798
 0.09958666 0.10006937 0.10040606 0.09981035]
Label: watermelon    Predictions: [0.10013641 0.09994241 0.10003952 0.09999661 0.10027461 0.09973798
 0.09958666 0.10006937 0.10040606 0.09981035]
Label: watermelon    Predictions: [0.10013641 0.09994241 0.10003952 0.09999661 0.10027461 0.09973798
 0.09958666 0.10006937 0.10040606 0.09981035]
Label: watermelon    Predictions: [0.10013641 0.09994241 0.10003952 0.09999661 0.10027461 0.09973798
 0.09958666 0.10006937 0.10040606 0.09981035]
Label: watermelon    Predictions: [0.10013641 0.09994241 0.10003952 0.09999661 0.10027461 0.09973798
 0.09958666 0.10006937 0.10040606 0.09981035]
Label: watermelon    Predictions: [0.10013641 0.09994241 0.10003952 0.09999661 0.10027461 0.09973798
 0.09958666 0.10006937 0.10040606 0.09981035]
Label: wipes    Predictions: [0.10013641 0.09994241 0.10003952 0.09999661 0.10027461 0.09973798
 0.09958666 0.10006937 0.10040606 0.09981035]
Label: wipes    Predictions: [0.10013641 0.09994241 0.10003952 0.09999661 0.10027461 0.09973798
 0.09958666 0.10006937 0.10040606 0.09981035]
Label: wipes    Predictions: [0.10013641 0.09994241 0.10003952 0.09999661 0.10027461 0.09973798
 0.09958666 0.10006937 0.10040606 0.09981035]
Label: wipes    Predictions: [0.10013641 0.09994241 0.10003952 0.09999661 0.10027461 0.09973798
 0.09958666 0.10006937 0.10040606 0.09981035]
Label: wipes    Predictions: [0.10013641 0.09994241 0.10003952 0.09999661 0.10027461 0.09973798
 0.09958666 0.10006937 0.10040606 0.09981035]
Label: wipes    Predictions: [0.10013641 0.09994241 0.10003952 0.09999661 0.10027461 0.09973798
 0.09958666 0.10006937 0.10040606 0.09981035]
Label: wipes    Predictions: [0.10013641 0.09994241 0.10003952 0.09999661 0.10027461 0.09973798
 0.09958666 0.10006937 0.10040606 0.09981035]
Label: wipes    Predictions: [0.10013641 0.09994241 0.10003952 0.09999661 0.10027461 0.09973798
 0.09958666 0.10006937 0.10040606 0.09981035]
Label: wipes    Predictions: [0.10013641 0.09994241 0.10003952 0.09999661 0.10027461 0.09973798
 0.09958666 0.10006937 0.10040606 0.09981035]
Label: wipes    Predictions: [0.10013641 0.09994241 0.10003952 0.09999661 0.10027461 0.09973798
 0.09958666 0.10006937 0.10040606 0.09981035]
Label: wipes    Predictions: [0.10013641 0.09994241 0.10003952 0.09999661 0.10027461 0.09973798
 0.09958666 0.10006937 0.10040606 0.09981035]
Label: wipes    Predictions: [0.10013641 0.09994241 0.10003952 0.09999661 0.10027461 0.09973798
 0.09958666 0.10006937 0.10040606 0.09981035]
Label: wipes    Predictions: [0.10013641 0.09994241 0.10003952 0.09999661 0.10027461 0.09973798
 0.09958666 0.10006937 0.10040606 0.09981035]
Label: wipes    Predictions: [0.10013641 0.09994241 0.10003952 0.09999661 0.10027461 0.09973798
 0.09958666 0.10006937 0.10040606 0.09981035]
Label: wipes    Predictions: [0.10013641 0.09994241 0.10003952 0.09999661 0.10027461 0.09973798
 0.09958666 0.10006937 0.10040606 0.09981035]
Label: wipes    Predictions: [0.10013641 0.09994241 0.10003952 0.09999661 0.10027461 0.09973798
 0.09958666 0.10006937 0.10040606 0.09981035]
Label: wipes    Predictions: [0.10013641 0.09994241 0.10003952 0.09999661 0.10027461 0.09973798
 0.09958666 0.10006937 0.10040606 0.09981035]
Label: wipes    Predictions: [0.10013641 0.09994241 0.10003952 0.09999661 0.10027461 0.09973798
 0.09958666 0.10006937 0.10040606 0.09981035]
Label: wipes    Predictions: [0.10013641 0.09994241 0.10003952 0.09999661 0.10027461 0.09973798
 0.09958666 0.10006937 0.10040606 0.09981035]
Label: wipes    Predictions: [0.10013641 0.09994241 0.10003952 0.09999661 0.10027461 0.09973798
 0.09958666 0.10006937 0.10040606 0.09981035]
Label: zoink    Predictions: [0.10013641 0.09994241 0.10003952 0.09999661 0.10027461 0.09973798
 0.09958666 0.10006937 0.10040606 0.09981035]
Label: zoink    Predictions: [0.10013641 0.09994241 0.10003952 0.09999661 0.10027461 0.09973798
 0.09958666 0.10006937 0.10040606 0.09981035]
Label: zoink    Predictions: [0.10013641 0.09994241 0.10003952 0.09999661 0.10027461 0.09973798
 0.09958666 0.10006937 0.10040606 0.09981035]
Label: zoink    Predictions: [0.10013641 0.09994241 0.10003952 0.09999661 0.10027461 0.09973798
 0.09958666 0.10006937 0.10040606 0.09981035]
Label: zoink    Predictions: [0.10013641 0.09994241 0.10003952 0.09999661 0.10027461 0.09973798
 0.09958666 0.10006937 0.10040606 0.09981035]
Label: zoink    Predictions: [0.10013641 0.09994241 0.10003952 0.09999661 0.10027461 0.09973798
 0.09958666 0.10006937 0.10040606 0.09981035]
Label: zoink    Predictions: [0.10013641 0.09994241 0.10003952 0.09999661 0.10027461 0.09973798
 0.09958666 0.10006937 0.10040606 0.09981035]
Label: zoink    Predictions: [0.10013641 0.09994241 0.10003952 0.09999661 0.10027461 0.09973798
 0.09958666 0.10006937 0.10040606 0.09981035]
Label: zoink    Predictions: [0.10013641 0.09994241 0.10003952 0.09999661 0.10027461 0.09973798
 0.09958666 0.10006937 0.10040606 0.09981035]
Label: zoink    Predictions: [0.10013641 0.09994241 0.10003952 0.09999661 0.10027461 0.09973798
 0.09958666 0.10006937 0.10040606 0.09981035]
Label: zoink    Predictions: [0.10013641 0.09994241 0.10003952 0.09999661 0.10027461 0.09973798
 0.09958666 0.10006937 0.10040606 0.09981035]
Label: zoink    Predictions: [0.10013641 0.09994241 0.10003952 0.09999661 0.10027461 0.09973798
 0.09958666 0.10006937 0.10040606 0.09981035]
Label: zoink    Predictions: [0.10013641 0.09994241 0.10003952 0.09999661 0.10027461 0.09973798
 0.09958666 0.10006937 0.10040606 0.09981035]
Label: zoink    Predictions: [0.10013641 0.09994241 0.10003952 0.09999661 0.10027461 0.09973798
 0.09958666 0.10006937 0.10040606 0.09981035]
Label: zoink    Predictions: [0.10013641 0.09994241 0.10003952 0.09999661 0.10027461 0.09973798
 0.09958666 0.10006937 0.10040606 0.09981035]
Label: zoink    Predictions: [0.10013641 0.09994241 0.10003952 0.09999661 0.10027461 0.09973798
 0.09958666 0.10006937 0.10040606 0.09981035]
Label: zoink    Predictions: [0.10013641 0.09994241 0.10003952 0.09999661 0.10027461 0.09973798
 0.09958666 0.10006937 0.10040606 0.09981035]
Label: zoink    Predictions: [0.10013641 0.09994241 0.10003952 0.09999661 0.10027461 0.09973798
 0.09958666 0.10006937 0.10040606 0.09981035]
Label: zoink    Predictions: [0.10013641 0.09994241 0.10003952 0.09999661 0.10027461 0.09973798
 0.09958666 0.10006937 0.10040606 0.09981035]
Label: zoink    Predictions: [0.10013641 0.09994241 0.10003952 0.09999661 0.10027461 0.09973798
 0.09958666 0.10006937 0.10040606 0.09981035]
