Label: climbing_hold    Predictions: [1.0000000e+00 1.0283900e-18 1.2166511e-15 2.2832812e-14 8.2515906e-13
 2.3145341e-19 4.0559073e-20 1.4884432e-17 1.3821548e-13 1.6957850e-13]
Label: climbing_hold    Predictions: [1.0000000e+00 4.0343083e-18 3.1990723e-15 2.1137812e-14 1.4560986e-12
 4.1237743e-19 4.6226009e-20 8.3083642e-17 2.4217032e-13 2.2179646e-13]
Label: climbing_hold    Predictions: [1.0000000e+00 1.7418667e-13 6.0653188e-12 4.4472453e-11 2.3331562e-10
 2.8371214e-14 2.7268917e-15 1.4535215e-11 8.9856192e-11 5.0089898e-12]
Label: climbing_hold    Predictions: [1.0000000e+00 1.0336049e-11 1.2941019e-10 1.9554131e-10 1.5737298e-09
 3.5561627e-12 1.0843299e-13 2.4663180e-09 1.3159442e-09 8.1499293e-11]
Label: climbing_hold    Predictions: [1.00000000e+00 4.02575022e-12 1.03003536e-10 3.57744834e-09
 1.23812882e-09 3.92210217e-13 3.86975743e-14 3.14121472e-11
 4.16780610e-10 6.46309617e-10]
Label: climbing_hold    Predictions: [1.0000000e+00 8.6657373e-17 7.5009843e-14 2.3504577e-12 1.0629506e-11
 6.3996391e-18 5.7931164e-18 3.9107138e-15 9.0750015e-13 5.1994607e-13]
Label: climbing_hold    Predictions: [1.00000000e+00 6.90418251e-18 8.94283918e-15 1.37574185e-14
 9.19303696e-12 7.56450135e-18 1.31899816e-19 5.15975033e-15
 2.32266084e-13 9.46510529e-15]
Label: climbing_hold    Predictions: [1.0000000e+00 3.9938419e-16 4.4450866e-13 4.2439611e-12 5.9060075e-12
 6.4370327e-16 5.0054052e-17 1.7843298e-14 5.6356590e-12 1.8884413e-11]
Label: climbing_hold    Predictions: [1.0000000e+00 2.3234868e-19 2.3997343e-16 7.2984557e-16 4.1423973e-14
 4.8685116e-19 8.3056220e-21 3.7103481e-17 1.0901545e-14 2.8263163e-16]
Label: climbing_hold    Predictions: [1.0000000e+00 1.0733371e-18 1.2617530e-15 2.3755368e-14 8.6385749e-13
 2.4027350e-19 4.3017253e-20 1.5577464e-17 1.4272917e-13 1.7677355e-13]
Label: climbing_hold    Predictions: [1.0000000e+00 2.1922705e-17 2.7866493e-14 5.4494007e-14 2.9614518e-12
 1.5776372e-16 1.6454326e-18 1.1278532e-14 7.5575841e-13 1.6694618e-14]
Label: climbing_hold    Predictions: [1.00000000e+00 9.92223928e-19 1.15654292e-15 1.22071500e-14
 7.23907316e-13 6.16736882e-20 1.22770211e-20 1.24214735e-17
 1.09381667e-13 4.83138344e-14]
Label: climbing_hold    Predictions: [1.0000000e+00 8.9509077e-12 1.1289769e-10 1.8742646e-10 1.2141766e-09
 2.2778288e-12 9.7534292e-14 1.7090921e-09 1.3159065e-09 9.2511575e-11]
Label: climbing_hold    Predictions: [1.00000000e+00 1.05691883e-13 4.50254200e-12 1.60425007e-11
 1.61899327e-10 3.60753331e-14 2.16233917e-15 4.28690347e-11
 8.90510443e-11 5.31895925e-12]
Label: climbing_hold    Predictions: [1.0000000e+00 1.2129923e-19 1.3745706e-16 3.8188089e-16 1.2994003e-13
 1.4998639e-19 3.0482611e-21 3.9716432e-17 1.2173946e-14 1.4862538e-16]
Label: climbing_hold    Predictions: [1.00000000e+00 9.61483208e-20 1.19037696e-16 3.18243196e-16
 1.02626078e-13 1.37986935e-19 2.66261806e-21 3.02693510e-17
 1.11620265e-14 1.26699016e-16]
Label: climbing_hold    Predictions: [1.0000000e+00 8.3012867e-20 1.1031847e-16 2.9673600e-16 9.1824429e-14
 1.2259104e-19 2.1682633e-21 2.5679369e-17 1.0531292e-14 1.1619197e-16]
Label: climbing_hold    Predictions: [1.0000000e+00 7.4508089e-17 3.2887467e-14 6.7792018e-13 1.7502168e-12
 2.7426311e-17 2.4321443e-18 1.1415262e-15 1.1100087e-12 8.1322194e-13]
Label: climbing_hold    Predictions: [1.0000000e+00 9.7986442e-18 1.2594982e-14 2.7140107e-13 2.2574961e-12
 5.1238284e-18 5.8502768e-19 1.4775820e-16 1.3574246e-12 4.0626424e-13]
Label: climbing_hold    Predictions: [1.0000000e+00 5.1790533e-16 3.1335758e-13 4.9711572e-12 1.8869436e-11
 7.5886428e-16 1.0661194e-16 2.6945429e-14 6.3784182e-12 6.1784182e-11]
Label: clip    Predictions: [3.9259511e-12 1.0000000e+00 1.7188272e-13 3.4463207e-10 1.1935909e-10
 6.4692414e-13 3.8820778e-12 6.4311952e-11 3.8017725e-13 8.2885326e-13]
Label: clip    Predictions: [4.3924668e-08 9.9999857e-01 1.2965292e-09 7.5079134e-07 1.3760268e-07
 2.4476735e-08 7.9793182e-08 4.8902331e-07 1.1527969e-08 1.2434408e-08]
Label: clip    Predictions: [1.8013335e-08 9.9999976e-01 6.7285072e-10 9.3654521e-08 4.4769086e-09
 4.4314659e-09 2.2175676e-08 1.4493273e-07 1.7974748e-09 1.0508623e-09]
Label: clip    Predictions: [3.3288768e-11 1.0000000e+00 9.6155267e-13 2.6579356e-09 4.9767968e-10
 9.8397089e-12 4.3084043e-11 8.7429686e-10 3.7300696e-12 4.7040119e-12]
Label: clip    Predictions: [1.0360803e-09 9.9999940e-01 7.6404917e-11 2.0214712e-09 1.9244007e-08
 7.4753332e-09 1.1049744e-08 5.2918443e-07 4.7790299e-10 2.6787689e-10]
Label: clip    Predictions: [3.3288768e-11 1.0000000e+00 9.6155267e-13 2.6579356e-09 4.9767968e-10
 9.8397089e-12 4.3084043e-11 8.7429686e-10 3.7300696e-12 4.7040119e-12]
Label: clip    Predictions: [1.9512605e-07 9.9993920e-01 1.7918561e-08 1.0206602e-06 2.6544078e-07
 2.5362206e-07 1.4223225e-06 5.7503377e-05 3.4349785e-08 2.4770261e-08]
Label: clip    Predictions: [1.31169875e-08 9.99999166e-01 2.39190723e-10 7.14201690e-07
 1.45726720e-08 4.38574510e-09 1.80562534e-08 5.03857578e-08
 2.35591258e-09 4.14179580e-09]
Label: clip    Predictions: [4.4768630e-10 9.9999964e-01 1.5681246e-11 3.1148315e-07 1.1527624e-09
 1.3676257e-10 3.6440886e-10 8.9073654e-10 1.2362283e-10 1.4859915e-10]
Label: clip    Predictions: [2.3726434e-09 9.9999940e-01 1.6963327e-11 6.0493352e-07 1.9663911e-08
 1.2434221e-09 2.0450734e-09 3.4447303e-09 4.4830398e-10 1.5535374e-10]
Label: clip    Predictions: [3.3288768e-11 1.0000000e+00 9.6155267e-13 2.6579356e-09 4.9767968e-10
 9.8397089e-12 4.3084043e-11 8.7429686e-10 3.7300696e-12 4.7040119e-12]
Label: clip    Predictions: [7.3628219e-09 9.9999940e-01 7.3182399e-10 1.0371650e-07 1.2108481e-07
 1.2705157e-08 3.5306478e-08 3.5911432e-07 3.2734140e-09 1.8930619e-09]
Label: clip    Predictions: [2.5707640e-09 9.9999964e-01 2.3147413e-11 3.6796203e-07 4.6891291e-09
 1.6582841e-10 1.1254703e-09 1.7138508e-09 4.0020273e-10 2.4413652e-10]
Label: clip    Predictions: [3.3288768e-11 1.0000000e+00 9.6155267e-13 2.6579356e-09 4.9767968e-10
 9.8397089e-12 4.3084043e-11 8.7429686e-10 3.7300696e-12 4.7040119e-12]
Label: clip    Predictions: [1.1238956e-10 1.0000000e+00 3.3503857e-12 6.9040560e-09 1.2079561e-09
 5.7397608e-11 1.7785470e-10 2.5856552e-09 1.8710171e-11 1.5132000e-11]
Label: clip    Predictions: [2.8814546e-09 9.9999988e-01 2.5897638e-11 6.2085498e-08 6.5265744e-09
 8.0691454e-10 5.4339493e-09 1.1802302e-09 2.5456881e-10 6.0668054e-10]
Label: clip    Predictions: [5.6663080e-10 1.0000000e+00 7.8120210e-12 3.2118127e-08 2.4172728e-09
 1.1566120e-10 1.5636347e-09 5.1007398e-10 5.5395757e-11 1.3361338e-10]
Label: clip    Predictions: [1.6235379e-06 9.9860877e-01 6.4258023e-07 4.8232254e-05 4.7345229e-06
 3.5707906e-06 4.1115443e-05 1.2896738e-03 9.9093654e-07 5.4399652e-07]
Label: clip    Predictions: [3.8308501e-10 9.9999988e-01 3.1676994e-11 1.5253430e-09 8.0651485e-09
 9.2890523e-10 5.2747060e-09 1.2891175e-07 1.7912247e-10 7.5596238e-11]
Label: clip    Predictions: [3.3288768e-11 1.0000000e+00 9.6155267e-13 2.6579356e-09 4.9767968e-10
 9.8397089e-12 4.3084043e-11 8.7429686e-10 3.7300696e-12 4.7040119e-12]
Label: dasani    Predictions: [7.0445335e-29 5.0344306e-34 1.0000000e+00 2.1201788e-20 3.5378595e-25
 6.7405689e-33 1.0278130e-19 2.9763365e-25 8.5310900e-18 1.0058198e-21]
Label: dasani    Predictions: [7.2391671e-01 1.6605632e-05 2.3851474e-01 1.4849612e-04 1.2919641e-03
 1.3771983e-06 2.1747883e-05 3.9764683e-04 3.5408039e-02 2.8266091e-04]
Label: dasani    Predictions: [5.5073411e-29 3.4130478e-34 1.0000000e+00 7.7845166e-20 8.6145115e-26
 1.8574224e-31 7.6196363e-20 9.6887393e-25 2.0271832e-20 7.1926313e-22]
Label: dasani    Predictions: [2.66841620e-01 1.11854715e-05 4.43869352e-01 1.82637436e-04
 3.23714223e-03 6.08676544e-07 1.85108511e-05 7.05258062e-05
 2.85607517e-01 1.60884563e-04]
Label: dasani    Predictions: [8.5675836e-18 6.8971434e-21 1.0000000e+00 1.4081902e-09 2.3167638e-16
 1.8134721e-19 2.9267727e-11 1.0706689e-14 4.5178755e-14 1.2194961e-13]
Label: dasani    Predictions: [1.3095769e-01 1.2462697e-05 3.3591509e-01 9.4141717e-05 5.1099276e-03
 2.9631707e-07 1.1858218e-05 6.2919353e-05 5.2776003e-01 7.5635980e-05]
Label: dasani    Predictions: [5.0937798e-02 1.7103747e-03 3.5608003e-01 1.0083912e-02 3.6494482e-02
 2.4356954e-04 4.1667498e-03 1.2539445e-01 4.1353965e-01 1.3489927e-03]
Label: dasani    Predictions: [6.3854717e-02 8.2370876e-05 2.3994671e-01 5.1877863e-04 1.1998777e-02
 2.5655625e-06 8.3317449e-05 6.0775102e-04 6.8274325e-01 1.6179627e-04]
Label: dasani    Predictions: [5.5805132e-29 3.4327381e-34 1.0000000e+00 7.8543752e-20 8.7189166e-26
 1.8989328e-31 7.6536915e-20 9.8119259e-25 2.0316889e-20 7.2764994e-22]
Label: dasani    Predictions: [6.4237998e-03 1.1738897e-04 7.1761048e-01 4.5337027e-04 4.2803464e-03
 3.0441919e-05 7.6257233e-03 2.5929620e-02 2.3728892e-01 2.3992677e-04]
Label: dasani    Predictions: [7.0550592e-26 2.0591119e-30 1.0000000e+00 2.1683019e-16 3.4247410e-22
 3.9130178e-27 2.5436409e-17 3.6389212e-22 2.6668812e-18 2.1542745e-19]
Label: dasani    Predictions: [2.2187217e-15 4.0850687e-18 9.9999905e-01 2.7634914e-09 1.6365160e-12
 5.4123552e-17 2.8535044e-07 1.0567920e-11 5.7910830e-07 8.3328985e-08]
Label: dasani    Predictions: [3.9970081e-02 3.5006806e-04 6.5045011e-01 1.0607779e-03 1.9642033e-02
 5.3562300e-05 3.8900313e-03 1.4117317e-01 1.4285986e-01 5.5030594e-04]
Label: dasani    Predictions: [2.90460730e-25 1.23990046e-29 1.00000000e+00 1.21275754e-17
 1.63483067e-22 5.48999620e-28 2.33135529e-17 1.40194997e-22
 1.94311112e-17 8.74172847e-19]
Label: dasani    Predictions: [9.02078929e-22 1.52358919e-25 1.00000000e+00 1.23641476e-14
 1.38376486e-19 5.17257831e-23 1.19515121e-14 3.77991927e-18
 3.13774885e-14 5.39778575e-16]
Label: dasani    Predictions: [9.8744619e-29 4.7570213e-34 1.0000000e+00 1.9634656e-19 3.3760547e-25
 5.9262501e-31 5.3411401e-20 2.3137602e-24 3.3422216e-20 2.5663844e-21]
Label: dasani    Predictions: [2.05248819e-27 1.07343176e-32 1.00000000e+00 1.24341252e-18
 1.08420185e-24 1.05740836e-29 1.24271014e-19 5.88423655e-24
 8.99856598e-19 4.79180276e-21]
Label: dasani    Predictions: [1.7367090e-01 1.7182379e-06 5.8044624e-01 4.6524656e-05 1.1063967e-03
 4.1056158e-08 1.4692761e-06 1.0633925e-05 2.4468283e-01 3.3285905e-05]
Label: dasani    Predictions: [9.2496648e-02 1.4513864e-05 2.4607149e-01 1.7906027e-04 4.1986923e-03
 7.1432305e-07 7.1821603e-05 1.7381071e-04 6.5675569e-01 3.7521113e-05]
Label: dasani    Predictions: [2.11433515e-01 2.11152274e-05 7.30691195e-01 1.05985724e-04
 1.85697619e-03 7.67270024e-07 3.80778292e-05 1.53787178e-03
 5.41770905e-02 1.37446914e-04]
Label: glue    Predictions: [2.3949283e-06 4.8436704e-03 4.6433360e-08 9.9514669e-01 2.9684477e-07
 9.2476091e-07 4.4186825e-07 2.3135421e-08 5.1425997e-07 5.0047870e-06]
Label: glue    Predictions: [9.7382110e-07 9.1106713e-01 3.4794045e-08 8.8918217e-02 9.8613655e-06
 2.8725108e-07 1.3741451e-06 1.6775097e-07 9.9657348e-07 8.8270207e-07]
Label: glue    Predictions: [7.01928474e-16 6.76447336e-18 1.10438587e-14 1.00000000e+00
 8.62478170e-16 2.34407983e-14 1.20339055e-14 2.21030766e-17
 1.37474645e-12 4.08768614e-13]
Label: glue    Predictions: [2.9176592e-15 2.3719020e-17 3.5249134e-14 1.0000000e+00 2.8600588e-15
 8.1441825e-14 3.1591269e-14 6.0701174e-17 2.8199359e-12 9.7016319e-13]
Label: glue    Predictions: [7.2748360e-14 3.6464917e-16 1.9143614e-14 1.0000000e+00 8.9008746e-15
 5.1393213e-11 2.8342129e-13 3.9998796e-16 8.5760635e-12 1.9333498e-11]
Label: glue    Predictions: [6.4954162e-05 4.0792809e-03 2.7633346e-06 9.9571180e-01 1.4098753e-05
 1.2657906e-05 1.0805930e-05 9.0246385e-06 6.8782247e-06 8.7823995e-05]
Label: glue    Predictions: [1.1073094e-10 6.8766340e-11 4.1058578e-07 9.9999809e-01 6.9161249e-10
 1.0750149e-07 1.1901180e-07 2.5480931e-10 3.7775749e-08 1.3188258e-06]
Label: glue    Predictions: [2.7692558e-06 7.6441598e-01 1.0848793e-06 2.3544154e-01 5.6198587e-05
 5.0664612e-06 4.7124715e-05 2.0227633e-05 5.2254986e-06 4.7736826e-06]
Label: glue    Predictions: [8.4291869e-06 7.6459152e-01 7.5053470e-07 2.3533553e-01 1.1968174e-05
 8.4908506e-06 2.2570326e-05 5.0892831e-06 6.9850289e-06 8.7237213e-06]
Label: glue    Predictions: [6.0580682e-05 2.0930158e-02 3.4274422e-06 9.7883999e-01 5.4018688e-05
 6.9303487e-06 1.2478613e-05 1.6908843e-05 9.1572765e-06 6.6300818e-05]
Label: glue    Predictions: [1.0379800e-03 1.7177217e-01 1.1019363e-06 8.2699525e-01 1.1859055e-04
 8.9201067e-06 3.1624418e-06 1.6843948e-06 2.2176591e-05 3.8953251e-05]
Label: glue    Predictions: [1.5665954e-07 2.0458364e-07 2.7381120e-09 9.9999857e-01 4.4311836e-08
 7.9025779e-07 4.8985811e-08 1.1022911e-09 8.8831023e-08 1.0237073e-07]
Label: glue    Predictions: [1.3567479e-10 9.5384237e-13 1.0810538e-11 1.0000000e+00 2.3171806e-11
 1.7494861e-08 7.8173905e-11 5.9748929e-13 5.0408916e-10 8.8664670e-10]
Label: glue    Predictions: [1.1632946e-12 8.7955325e-15 1.9505659e-11 1.0000000e+00 6.0401597e-13
 3.9893111e-09 7.0171434e-12 2.0279563e-13 1.4342078e-08 1.7420290e-10]
Label: glue    Predictions: [3.7781648e-16 1.1998585e-18 9.5449475e-15 1.0000000e+00 8.9600058e-17
 1.4510644e-11 2.1255695e-15 1.7125276e-17 1.8102148e-10 1.4078094e-12]
Label: glue    Predictions: [2.2773775e-06 4.5634490e-02 4.1093795e-09 9.5436132e-01 9.3324070e-07
 3.6792514e-08 2.5898174e-08 1.4202772e-09 7.0785362e-08 8.5563801e-07]
Label: glue    Predictions: [1.0098588e-05 6.9893003e-03 7.9871938e-08 9.9298543e-01 8.5200861e-07
 4.6954935e-07 4.9865434e-07 2.8083766e-08 5.2832240e-07 1.2606225e-05]
Label: glue    Predictions: [1.4472769e-06 9.4136518e-01 2.6183088e-08 5.8619197e-02 1.1047067e-05
 2.0059780e-07 7.9584629e-07 9.0334801e-08 5.6874836e-07 1.4138720e-06]
Label: glue    Predictions: [7.4580289e-14 2.9398010e-16 1.3358305e-14 1.0000000e+00 1.2423625e-14
 1.7531521e-10 1.3982632e-13 3.5670384e-16 8.6641397e-12 5.6237402e-12]
Label: glue    Predictions: [1.1236803e-12 1.1729345e-13 4.7614362e-10 1.0000000e+00 2.2884315e-13
 3.8630565e-09 8.4250870e-12 2.4640327e-13 2.9557976e-08 3.4969372e-09]
Label: spray_bottle    Predictions: [3.5564813e-08 2.6886698e-10 3.6955006e-10 1.1893871e-09 9.9999988e-01
 1.6648906e-12 5.9458639e-11 8.4116464e-12 9.5244296e-08 4.5693091e-10]
Label: spray_bottle    Predictions: [6.5719419e-08 1.8601316e-06 2.6452451e-08 4.0384576e-09 9.9999142e-01
 1.5668165e-08 2.5403143e-08 6.2755262e-06 2.7511879e-07 5.0913219e-08]
Label: spray_bottle    Predictions: [3.2871757e-08 4.1909574e-09 6.0338473e-10 7.5061548e-09 9.9999988e-01
 5.7979118e-11 1.3646851e-09 5.0078675e-10 1.5718084e-07 1.7425116e-09]
Label: spray_bottle    Predictions: [1.1408525e-06 3.3284444e-08 1.5124842e-08 2.6647905e-08 9.9999833e-01
 4.2686948e-10 2.6100491e-09 4.5372404e-09 4.9773183e-07 1.8986368e-08]
Label: spray_bottle    Predictions: [3.5531442e-09 1.8124852e-13 2.3091232e-12 3.8131833e-12 1.0000000e+00
 6.1365218e-16 5.2624006e-15 6.0559230e-15 2.0641485e-08 1.9660959e-12]
Label: spray_bottle    Predictions: [1.9886798e-12 2.0803019e-12 6.4994095e-12 1.2289623e-13 1.0000000e+00
 1.0611259e-14 3.2572786e-13 1.0583634e-09 1.6423603e-10 2.8139934e-12]
Label: spray_bottle    Predictions: [7.5296352e-11 2.2392042e-10 1.9276794e-11 7.9434471e-12 1.0000000e+00
 1.8723584e-12 4.7057105e-11 1.6129091e-10 4.4287289e-09 4.3695294e-11]
Label: spray_bottle    Predictions: [1.12985890e-12 1.12344075e-11 8.68372377e-13 3.13502832e-13
 1.00000000e+00 1.21000994e-14 1.17619705e-12 3.85205305e-11
 8.60070487e-11 3.55890382e-12]
Label: spray_bottle    Predictions: [6.6315780e-09 3.6374317e-09 2.4535449e-10 3.6609554e-10 9.9999976e-01
 7.0088525e-11 2.7887292e-09 9.7692343e-10 1.9724538e-07 5.8324084e-10]
Label: spray_bottle    Predictions: [2.4142244e-10 2.4938362e-10 5.4584608e-09 1.4361844e-10 9.9999928e-01
 3.0329450e-12 1.1992357e-10 7.6562543e-07 4.0794487e-10 8.9406038e-10]
Label: spray_bottle    Predictions: [6.5269956e-04 5.7306187e-07 1.0565894e-06 2.9917237e-07 9.9929488e-01
 7.3960464e-09 2.6815155e-07 4.0803348e-05 9.0396134e-06 4.3062209e-07]
Label: spray_bottle    Predictions: [3.1273249e-03 1.5319801e-08 2.6148717e-07 5.5712658e-08 9.9685955e-01
 2.0029489e-10 1.7623253e-09 7.8215621e-08 1.2611552e-05 1.2197275e-07]
Label: spray_bottle    Predictions: [3.5531442e-09 1.8124852e-13 2.3091232e-12 3.8131833e-12 1.0000000e+00
 6.1365218e-16 5.2624006e-15 6.0559230e-15 2.0641485e-08 1.9660959e-12]
Label: spray_bottle    Predictions: [1.0783542e-03 1.7183555e-07 7.9413832e-07 2.2615700e-07 9.9891245e-01
 1.6643170e-09 2.5955959e-08 1.4618396e-06 6.1716432e-06 3.6323129e-07]
Label: spray_bottle    Predictions: [1.6465905e-06 5.9693617e-10 1.8598452e-09 9.5357073e-09 9.9999726e-01
 8.2698180e-12 9.3120490e-11 3.8282672e-11 1.0590062e-06 1.6878813e-09]
Label: spray_bottle    Predictions: [2.0925057e-05 7.6338935e-08 4.5110767e-08 1.3730210e-06 9.9996734e-01
 9.4770725e-09 5.2027463e-08 1.0734794e-08 1.0017363e-05 1.0464051e-07]
Label: spray_bottle    Predictions: [2.74861441e-06 1.85765501e-08 1.49904729e-08 5.39777254e-08
 9.99981999e-01 6.57854549e-10 7.80899789e-10 1.52281288e-09
 1.50636415e-05 5.65594256e-08]
Label: spray_bottle    Predictions: [1.0619395e-08 1.7284774e-09 4.2211153e-07 2.9718237e-09 9.9999666e-01
 1.3142760e-10 2.9483596e-09 2.7823626e-06 5.5162122e-08 2.4798865e-08]
Label: spray_bottle    Predictions: [1.2585749e-12 2.4115681e-12 1.3965801e-11 2.6979384e-13 1.0000000e+00
 1.5003600e-14 1.4595771e-12 4.7147082e-09 1.6956122e-11 1.1099478e-11]
Label: spray_bottle    Predictions: [1.7034936e-05 4.4419241e-05 1.1969754e-05 1.7150943e-06 6.5214586e-01
 5.2426122e-07 3.4334662e-06 3.4776402e-01 6.0582811e-06 4.9130563e-06]
Label: toothbrushes    Predictions: [1.67735086e-15 8.06873262e-17 7.42372286e-15 9.38290834e-11
 7.17020979e-14 1.00000000e+00 3.32965322e-10 2.47849104e-15
 1.03606276e-10 5.46389670e-11]
Label: toothbrushes    Predictions: [3.2096179e-17 5.4873626e-19 5.2254482e-17 3.2630569e-12 8.4040603e-16
 1.0000000e+00 4.5725481e-12 4.0293579e-17 5.7163307e-13 2.5169831e-12]
Label: toothbrushes    Predictions: [4.1062424e-18 3.4806033e-19 3.5086550e-17 3.7676855e-13 1.0920853e-15
 1.0000000e+00 9.6085607e-13 3.9101560e-18 6.6615474e-13 4.0787686e-13]
Label: toothbrushes    Predictions: [3.1036649e-15 1.3183053e-17 5.3390761e-15 7.8262336e-12 2.0852416e-14
 1.0000000e+00 6.7877477e-15 2.0135303e-16 2.0060423e-10 6.0714762e-12]
Label: toothbrushes    Predictions: [1.1544096e-15 2.3983409e-18 1.2904630e-15 2.7747557e-12 6.0981142e-15
 1.0000000e+00 1.7175606e-15 4.3687577e-17 9.5650141e-11 1.3527646e-12]
Label: toothbrushes    Predictions: [7.9894443e-15 8.7960645e-16 1.6712531e-13 1.4420677e-10 2.0352177e-13
 1.0000000e+00 1.1530177e-13 2.7100313e-14 2.8493211e-08 2.2080275e-10]
Label: toothbrushes    Predictions: [3.1182766e-13 5.5587325e-15 7.0032040e-14 6.1094893e-11 2.3398655e-12
 1.0000000e+00 3.0202156e-14 2.9099675e-15 2.4524484e-08 3.8515275e-09]
Label: toothbrushes    Predictions: [1.39732045e-11 1.98532163e-12 2.57297073e-10 3.61924424e-09
 5.63381508e-10 9.99999762e-01 2.37840636e-10 2.05747946e-10
 1.77049046e-07 6.02444228e-09]
Label: toothbrushes    Predictions: [3.8912336e-09 2.6084126e-09 2.4870678e-08 1.6541799e-03 4.0073356e-08
 9.9798453e-01 5.8775152e-07 2.8882907e-09 2.0878602e-04 1.5184130e-04]
Label: toothbrushes    Predictions: [1.8437117e-13 9.3597564e-15 3.2428270e-13 4.5083905e-07 1.1599292e-11
 9.9999952e-01 1.9171149e-11 3.9447100e-14 1.9114109e-08 6.0736111e-10]
Label: toothbrushes    Predictions: [1.1544096e-15 2.3983409e-18 1.2904630e-15 2.7747557e-12 6.0981142e-15
 1.0000000e+00 1.7175606e-15 4.3687577e-17 9.5650141e-11 1.3527646e-12]
Label: toothbrushes    Predictions: [7.53822081e-13 1.29806512e-13 1.22719684e-12 9.17349918e-10
 6.47467583e-12 1.00000000e+00 6.65254527e-13 1.38101184e-12
 1.42209968e-08 1.09077865e-10]
Label: toothbrushes    Predictions: [1.1544096e-15 2.3983409e-18 1.2904630e-15 2.7747557e-12 6.0981142e-15
 1.0000000e+00 1.7175606e-15 4.3687577e-17 9.5650141e-11 1.3527646e-12]
Label: toothbrushes    Predictions: [2.0707578e-11 4.3951028e-12 5.7598446e-09 1.9578404e-06 7.3290607e-08
 9.9999201e-01 2.6195676e-06 3.1648929e-13 2.9401176e-06 4.3766181e-07]
Label: toothbrushes    Predictions: [9.1033019e-15 2.7272009e-17 7.2292695e-15 1.0180846e-12 9.7033296e-14
 1.0000000e+00 1.1095328e-15 1.3983757e-16 1.1507572e-09 4.4448369e-11]
Label: toothbrushes    Predictions: [8.70113871e-19 3.93082043e-20 6.10106003e-18 7.74865423e-16
 7.59433642e-19 1.00000000e+00 7.70931305e-11 1.28633190e-19
 1.36851336e-14 1.22415004e-13]
Label: toothbrushes    Predictions: [1.8687101e-13 1.8984627e-14 2.9030642e-11 2.5192165e-07 2.5675082e-10
 9.9999940e-01 3.5579026e-09 5.9919450e-15 3.9019503e-07 2.2953428e-08]
Label: toothbrushes    Predictions: [5.5875634e-11 7.3143769e-11 2.0406654e-08 8.3983132e-06 4.3169899e-07
 9.9997556e-01 1.2005261e-05 2.4207628e-12 2.4276503e-06 1.0263607e-06]
Label: toothbrushes    Predictions: [2.4069968e-14 9.1739962e-15 8.5323365e-15 1.0702795e-12 1.2411351e-14
 9.9999952e-01 4.3291237e-07 3.2092401e-15 2.8471112e-10 5.7234471e-11]
Label: toothbrushes    Predictions: [4.0331719e-17 4.8763021e-18 2.5230388e-16 2.9441527e-14 3.4844196e-17
 1.0000000e+00 5.1035065e-09 8.7161262e-18 7.9258263e-13 8.9242074e-13]
Label: toothpaste    Predictions: [7.3108994e-19 2.8976689e-17 6.9587941e-15 5.0320355e-17 2.8493545e-15
 3.6516679e-17 1.0000000e+00 5.3817339e-14 5.3995762e-13 1.7882572e-15]
Label: toothpaste    Predictions: [3.0944508e-18 5.7850174e-16 9.8858393e-15 1.4266152e-15 1.3223172e-13
 2.7379911e-16 1.0000000e+00 6.7694690e-14 4.7669928e-12 8.0957800e-15]
Label: toothpaste    Predictions: [1.9204819e-23 4.5591355e-20 3.3020558e-16 6.0499017e-21 8.9893887e-15
 1.5764806e-14 1.0000000e+00 7.5957307e-18 6.6392883e-16 1.5859203e-18]
Label: toothpaste    Predictions: [1.9204819e-23 4.5591355e-20 3.3020558e-16 6.0499017e-21 8.9893887e-15
 1.5764806e-14 1.0000000e+00 7.5957307e-18 6.6392883e-16 1.5859203e-18]
Label: toothpaste    Predictions: [8.8212734e-22 1.0308011e-19 2.0822728e-14 7.5098655e-20 1.4170329e-13
 1.6453160e-15 1.0000000e+00 4.0525908e-16 1.1126895e-13 9.9955661e-18]
Label: toothpaste    Predictions: [3.5355748e-20 1.1798464e-19 4.4197770e-12 5.1440203e-18 6.8306390e-13
 3.8112142e-15 1.0000000e+00 9.4250722e-16 8.4184205e-12 3.2543734e-16]
Label: toothpaste    Predictions: [1.3311683e-14 4.8948374e-14 8.9363222e-12 9.1698333e-12 1.2408866e-11
 4.4302682e-12 1.0000000e+00 2.2583078e-10 9.5054931e-10 1.4462566e-11]
Label: toothpaste    Predictions: [1.17935902e-21 7.93753792e-20 1.75146817e-13 1.15309559e-19
 7.62553337e-14 4.63656476e-15 1.00000000e+00 9.93258826e-17
 2.12354266e-12 1.35120615e-17]
Label: toothpaste    Predictions: [2.54552603e-23 8.98168800e-20 2.90424384e-16 1.21173373e-20
 1.38611148e-14 2.86725972e-14 1.00000000e+00 1.11459684e-17
 6.16220810e-16 2.31193218e-18]
Label: toothpaste    Predictions: [1.9867417e-24 1.0648775e-20 1.3560401e-16 4.2947850e-22 3.3090431e-15
 3.5758411e-15 1.0000000e+00 1.7064295e-18 3.6045312e-16 1.2660559e-19]
Label: toothpaste    Predictions: [1.9204819e-23 4.5591355e-20 3.3020558e-16 6.0499017e-21 8.9893887e-15
 1.5764806e-14 1.0000000e+00 7.5957307e-18 6.6392883e-16 1.5859203e-18]
Label: toothpaste    Predictions: [1.4645587e-12 1.1167093e-12 1.7915073e-09 1.0052268e-08 7.9803605e-05
 4.0926356e-09 9.9990344e-01 1.3252996e-10 1.6702716e-05 2.5622700e-08]
Label: toothpaste    Predictions: [1.1068302e-07 1.5827447e-07 5.2394566e-06 3.7132561e-02 1.0760211e-06
 1.4920380e-04 9.5799470e-01 5.2413257e-06 1.3815496e-03 3.3300300e-03]
Label: toothpaste    Predictions: [1.9204819e-23 4.5591355e-20 3.3020558e-16 6.0499017e-21 8.9893887e-15
 1.5764806e-14 1.0000000e+00 7.5957307e-18 6.6392883e-16 1.5859203e-18]
Label: toothpaste    Predictions: [1.5198720e-20 1.1768351e-18 3.4368182e-16 1.1947431e-18 3.8225258e-16
 1.9648902e-18 1.0000000e+00 2.3455592e-15 8.7967780e-14 1.3073335e-16]
Label: toothpaste    Predictions: [2.0764928e-19 5.8931247e-19 4.4295097e-15 1.8481564e-16 1.6590547e-16
 3.5345130e-18 1.0000000e+00 1.9572375e-14 4.5076695e-13 9.9266459e-16]
Label: toothpaste    Predictions: [7.4024419e-19 9.6298229e-17 7.5481010e-14 1.6283272e-14 4.0974863e-15
 2.0003308e-17 1.0000000e+00 1.2509797e-14 4.2777590e-13 5.3887950e-16]
Label: toothpaste    Predictions: [1.6282537e-20 3.4121087e-20 9.5222851e-16 2.8665866e-18 2.2120707e-17
 5.1121313e-19 1.0000000e+00 4.2838208e-15 7.3088413e-14 1.0571330e-16]
Label: toothpaste    Predictions: [5.7045234e-17 1.0502006e-14 6.6020838e-13 5.4078547e-12 7.3277830e-14
 4.1804843e-16 1.0000000e+00 1.4379924e-13 3.7802556e-12 1.3009644e-14]
Label: toothpaste    Predictions: [2.2037920e-10 2.0187986e-06 7.5486719e-09 7.3931430e-09 1.4999340e-07
 3.1507663e-09 9.9999678e-01 9.5132219e-07 7.7349725e-08 1.0255317e-09]
Label: watermelon    Predictions: [2.8314072e-14 1.0773510e-14 2.1030049e-13 5.7821714e-16 3.3438725e-13
 2.9600212e-17 5.0596551e-14 1.0000000e+00 3.5773149e-15 1.8061482e-14]
Label: watermelon    Predictions: [1.1383113e-10 1.8639501e-11 8.0152246e-11 1.3278301e-12 1.9607575e-10
 5.4974363e-13 1.7225614e-10 1.0000000e+00 1.9314996e-11 3.8000075e-11]
Label: watermelon    Predictions: [1.9597761e-12 1.8873601e-12 3.7272838e-11 2.7614548e-13 1.0314921e-10
 9.5334846e-15 3.0905278e-11 1.0000000e+00 1.9696842e-12 2.5705748e-12]
Label: watermelon    Predictions: [1.3165632e-05 3.3718445e-07 7.6282369e-05 2.6490559e-05 5.5901551e-06
 2.5883443e-07 1.3720904e-06 9.9987495e-01 4.1297696e-07 9.9775730e-07]
Label: watermelon    Predictions: [8.0117770e-13 2.2238599e-14 1.1634167e-08 4.4234942e-13 4.2376543e-11
 4.2692853e-15 5.4371577e-11 1.0000000e+00 1.1727803e-13 5.3233941e-12]
Label: watermelon    Predictions: [8.0117770e-13 2.2238599e-14 1.1634167e-08 4.4234942e-13 4.2376543e-11
 4.2692853e-15 5.4371577e-11 1.0000000e+00 1.1727803e-13 5.3233941e-12]
Label: watermelon    Predictions: [2.63019944e-12 8.97795185e-13 7.01308933e-12 1.19428135e-13
 1.30657655e-11 4.40879124e-15 3.29658132e-12 1.00000000e+00
 2.63624544e-13 7.91576440e-13]
Label: watermelon    Predictions: [9.4756362e-11 4.4610643e-12 2.2589570e-07 2.2713273e-10 1.2515577e-09
 2.6816912e-12 3.4276124e-09 9.9999976e-01 2.2784290e-11 2.5021465e-10]
Label: watermelon    Predictions: [2.2643894e-14 1.1129713e-14 1.6675817e-13 4.8216297e-16 2.9527642e-13
 2.5053713e-17 3.7863491e-14 1.0000000e+00 3.0995710e-15 1.5544749e-14]
Label: watermelon    Predictions: [3.3487555e-09 1.8918601e-10 1.6318445e-09 5.2877258e-11 5.9749738e-09
 5.5423209e-12 1.6851356e-09 1.0000000e+00 2.3408991e-10 4.2821816e-10]
Label: watermelon    Predictions: [2.8314072e-14 1.0773510e-14 2.1030049e-13 5.7821714e-16 3.3438725e-13
 2.9600212e-17 5.0596551e-14 1.0000000e+00 3.5773149e-15 1.8061482e-14]
Label: watermelon    Predictions: [6.5713834e-08 8.3572417e-08 4.2254164e-06 1.9453587e-07 1.5350059e-06
 2.9862221e-08 3.4158866e-06 9.9999034e-01 3.3399793e-08 7.1234886e-08]
Label: watermelon    Predictions: [3.23991571e-07 2.69546483e-08 1.23221980e-05 1.91193692e-07
 3.82330472e-06 4.84114393e-09 1.79475464e-05 9.99965191e-01
 1.42619525e-08 1.55396378e-07]
Label: watermelon    Predictions: [1.7993239e-06 1.8991130e-06 4.9649596e-05 1.2157958e-05 3.7841492e-06
 1.6585448e-06 1.6561889e-05 9.9991059e-01 8.3883430e-07 9.9787360e-07]
Label: watermelon    Predictions: [3.3059080e-11 7.4737541e-13 8.8504487e-10 6.7373597e-13 7.2806074e-11
 8.0864318e-14 4.2687652e-11 1.0000000e+00 8.1048883e-13 3.6850449e-12]
Label: watermelon    Predictions: [3.6236537e-12 1.4531541e-13 1.8706416e-08 1.9656872e-12 1.3833200e-10
 3.1414077e-14 2.5530894e-10 1.0000000e+00 7.2866160e-13 1.0599725e-11]
Label: watermelon    Predictions: [1.4525652e-05 1.8521150e-07 1.2809885e-07 6.4371861e-08 1.3373307e-06
 1.2893245e-08 1.6673606e-07 9.9998355e-01 3.6547465e-08 7.9882597e-08]
Label: watermelon    Predictions: [1.3044444e-08 7.7472766e-09 2.2458829e-08 1.0639171e-09 7.8846377e-08
 1.4423730e-10 8.7373202e-09 9.9999988e-01 5.7439493e-09 3.5304051e-09]
Label: watermelon    Predictions: [4.2974145e-11 1.5808513e-12 4.2672366e-10 7.0276001e-13 1.3336592e-10
 1.7477140e-13 5.2697135e-11 1.0000000e+00 1.7282925e-12 1.4463643e-11]
Label: watermelon    Predictions: [7.5852977e-09 2.3925298e-10 2.2022959e-09 6.9664045e-11 1.3479740e-08
 1.6243186e-11 3.6956651e-09 1.0000000e+00 2.8188740e-10 4.8237597e-10]
Label: wipes    Predictions: [4.5873792e-13 1.1929637e-16 1.7943271e-13 6.9164580e-13 4.5095143e-11
 1.8585663e-13 2.7808845e-13 7.0911666e-17 1.0000000e+00 1.5231445e-10]
Label: wipes    Predictions: [4.0867910e-16 5.1723273e-21 9.7093600e-15 2.0027973e-13 5.0560012e-13
 1.0135899e-11 6.4066247e-18 5.3800577e-19 1.0000000e+00 3.2820681e-13]
Label: wipes    Predictions: [4.8841386e-26 2.1836960e-27 7.0215041e-17 7.4737164e-19 1.1572235e-21
 2.1383162e-20 4.5074493e-19 2.8942009e-24 1.0000000e+00 1.3564273e-17]
Label: wipes    Predictions: [2.1614039e-18 1.8924578e-19 3.5775655e-12 1.6421519e-12 1.0745641e-14
 9.5090559e-12 4.5813895e-13 9.6041797e-17 1.0000000e+00 1.3783088e-09]
Label: wipes    Predictions: [3.9679131e-15 8.8706452e-17 1.7013534e-10 3.5059074e-06 1.1783929e-12
 1.1773462e-06 2.6347957e-10 3.3662868e-14 9.9948680e-01 5.0850620e-04]
Label: wipes    Predictions: [5.7019396e-23 2.7122825e-24 1.3606668e-13 8.7559913e-16 1.7611934e-20
 1.5340001e-16 1.0252971e-15 2.8394839e-20 1.0000000e+00 5.0004077e-16]
Label: wipes    Predictions: [1.4680897e-14 1.1648191e-15 2.4219951e-10 9.6150479e-15 2.9125150e-10
 3.4508517e-16 2.3765567e-06 1.7832989e-12 9.9999702e-01 6.1095301e-07]
Label: wipes    Predictions: [1.12584326e-26 8.58134391e-28 4.13050124e-17 3.06205150e-19
 6.00568062e-22 2.55062212e-21 4.16174987e-19 1.06703456e-24
 1.00000000e+00 9.71482767e-18]
Label: wipes    Predictions: [7.7469536e-20 7.3890821e-23 4.9582371e-17 5.4689340e-18 9.1959343e-15
 1.6649500e-17 4.5519286e-18 3.7562522e-22 1.0000000e+00 8.8086656e-14]
Label: wipes    Predictions: [3.8866558e-20 2.9018305e-23 1.1710007e-17 2.9388786e-18 5.8917206e-15
 2.2650381e-17 7.9000541e-19 1.3270510e-22 1.0000000e+00 5.0218225e-14]
Label: wipes    Predictions: [1.5097254e-12 2.0833077e-12 3.3071477e-09 9.0723276e-11 2.6885791e-09
 5.4213734e-12 2.4598878e-08 2.2877605e-12 1.0000000e+00 3.0916449e-09]
Label: wipes    Predictions: [6.9124461e-14 1.3229397e-14 5.0749350e-07 6.7859443e-09 3.4177086e-10
 1.8898318e-08 6.4566325e-07 1.1605407e-11 9.9999821e-01 6.2783369e-07]
Label: wipes    Predictions: [2.3564820e-23 2.0614188e-26 7.3759702e-20 2.7416215e-21 2.3709973e-17
 3.1830931e-20 9.3848920e-23 3.6486296e-26 1.0000000e+00 1.2605543e-16]
Label: wipes    Predictions: [5.7616282e-16 3.1380759e-19 5.6620341e-16 2.4678081e-14 3.3677916e-13
 1.9490604e-14 5.9178046e-15 2.7220741e-19 1.0000000e+00 1.5660209e-11]
Label: wipes    Predictions: [7.4288352e-19 1.5958608e-18 1.2458092e-12 8.1152287e-15 1.0587201e-14
 8.1127699e-18 1.1771290e-11 1.7875530e-17 1.0000000e+00 1.6107916e-09]
Label: wipes    Predictions: [2.6889353e-26 2.3001994e-31 1.3506056e-21 5.7343723e-24 2.7149574e-21
 4.2125796e-24 4.1345159e-27 2.4656942e-30 1.0000000e+00 6.2013407e-20]
Label: wipes    Predictions: [3.0052097e-19 1.3265969e-20 4.0863921e-13 3.5984985e-13 7.7997218e-16
 1.9828817e-15 6.9856569e-15 9.4749486e-19 1.0000000e+00 7.8783279e-11]
Label: wipes    Predictions: [8.6996693e-21 1.2324012e-24 4.7118726e-18 5.8151433e-19 3.8764426e-18
 6.2663373e-18 3.5472468e-20 1.5473475e-23 1.0000000e+00 3.3208576e-13]
Label: wipes    Predictions: [4.8007800e-16 3.8133316e-18 2.0599518e-12 2.3788910e-15 4.3182721e-13
 2.4809127e-15 1.5911031e-12 1.2396107e-16 1.0000000e+00 1.4293514e-09]
Label: wipes    Predictions: [1.12584326e-26 8.58134391e-28 4.13050124e-17 3.06205150e-19
 6.00568062e-22 2.55062212e-21 4.16174987e-19 1.06703456e-24
 1.00000000e+00 9.71482767e-18]
Label: zoink    Predictions: [3.8726557e-27 5.4713420e-30 1.7185506e-22 4.6140267e-25 1.6765581e-22
 3.0457390e-21 1.9215719e-25 1.0927138e-24 1.0907668e-20 1.0000000e+00]
Label: zoink    Predictions: [2.1137468e-16 2.6507100e-21 7.6089626e-16 7.6341521e-13 4.9337849e-17
 2.6321908e-13 1.2790558e-19 1.6790120e-19 1.5697299e-10 1.0000000e+00]
Label: zoink    Predictions: [8.9724717e-21 2.3094656e-24 2.4064330e-18 1.5722329e-20 7.7455431e-18
 1.3046426e-17 4.5598465e-21 1.8392407e-21 1.6366943e-17 1.0000000e+00]
Label: zoink    Predictions: [1.7149609e-23 7.0750568e-26 1.8922700e-19 3.4727331e-22 8.0494445e-20
 3.6413150e-19 3.0255090e-21 9.8343121e-22 8.6455542e-19 1.0000000e+00]
Label: zoink    Predictions: [4.0947250e-09 3.6931893e-14 6.0537704e-09 1.3223569e-10 8.9011892e-13
 4.4777078e-11 1.4679723e-12 3.4837437e-12 1.0176055e-11 1.0000000e+00]
Label: zoink    Predictions: [3.1889766e-27 2.6296775e-31 9.5336276e-23 3.0710966e-25 1.3668109e-24
 7.1984504e-22 1.1157956e-26 3.4323740e-25 6.9539434e-21 1.0000000e+00]
Label: zoink    Predictions: [1.2103124e-10 3.9098911e-16 2.5035937e-10 1.3221639e-12 1.5946379e-14
 1.3563196e-12 2.6387089e-14 7.3923303e-14 2.6212634e-13 1.0000000e+00]
Label: zoink    Predictions: [5.4006146e-21 2.7953695e-25 4.3339451e-19 9.8344287e-21 2.2309322e-19
 3.3894100e-18 4.7019341e-22 4.8378282e-22 6.1193337e-18 1.0000000e+00]
Label: zoink    Predictions: [1.7953100e-24 1.3880355e-28 3.7623918e-21 7.2159044e-23 5.5691529e-23
 9.3713120e-20 6.1369816e-26 2.1237118e-24 1.0299801e-18 1.0000000e+00]
Label: zoink    Predictions: [8.45293650e-15 1.38856095e-19 3.35661878e-14 5.56525798e-11
 1.25066416e-15 1.38151044e-11 4.96018358e-18 7.33308103e-18
 1.10478950e-08 1.00000000e+00]
Label: zoink    Predictions: [6.4688755e-19 4.3548795e-25 2.4293625e-18 1.6017287e-17 1.4021065e-20
 1.2227742e-15 5.2706333e-24 8.5482691e-23 2.0297120e-14 1.0000000e+00]
Label: zoink    Predictions: [2.5668307e-24 6.1434900e-27 2.2209284e-20 3.5923270e-24 1.6062043e-21
 1.5808329e-20 2.2511642e-22 4.2746320e-22 2.2775806e-20 1.0000000e+00]
Label: zoink    Predictions: [3.1889766e-27 2.6296775e-31 9.5336276e-23 3.0710966e-25 1.3668109e-24
 7.1984504e-22 1.1157956e-26 3.4323740e-25 6.9539434e-21 1.0000000e+00]
Label: zoink    Predictions: [3.1889766e-27 2.6296775e-31 9.5336276e-23 3.0710966e-25 1.3668109e-24
 7.1984504e-22 1.1157956e-26 3.4323740e-25 6.9539434e-21 1.0000000e+00]
Label: zoink    Predictions: [5.4006146e-21 2.7953695e-25 4.3339451e-19 9.8344287e-21 2.2309322e-19
 3.3894100e-18 4.7019341e-22 4.8378282e-22 6.1193337e-18 1.0000000e+00]
Label: zoink    Predictions: [1.8287452e-15 3.1780837e-19 4.8147511e-14 6.9155727e-17 4.6169733e-15
 2.7366663e-15 1.0411686e-16 6.3734734e-18 1.2092018e-15 1.0000000e+00]
Label: zoink    Predictions: [2.5919522e-23 8.2543379e-26 2.9363444e-19 4.7447446e-22 5.4240094e-20
 2.3177503e-19 3.9266821e-21 2.6083806e-21 5.1944192e-19 1.0000000e+00]
Label: zoink    Predictions: [3.9210896e-18 1.8442571e-21 5.6420039e-16 1.3992355e-15 1.4528942e-16
 6.9997947e-15 1.1741357e-18 7.1959113e-18 2.7844884e-13 1.0000000e+00]
Label: zoink    Predictions: [3.9825624e-19 2.4297007e-22 7.6646845e-18 1.5354380e-19 2.8535829e-17
 1.2073621e-16 9.6991179e-20 1.5363930e-19 4.5175927e-17 1.0000000e+00]
Label: zoink    Predictions: [5.4524113e-10 9.5220370e-13 7.0031212e-09 3.6922465e-06 2.7083441e-10
 6.9397032e-07 6.3939826e-11 1.3312593e-09 3.4686323e-05 9.9996090e-01]
