Label: climbing_hold    Predictions: [1.0000000e+00 1.2771125e-16 5.4336380e-13 9.1449435e-12 1.8471594e-12
 6.1980185e-16 4.2774440e-19 6.6955996e-16 3.9393853e-12 8.6474985e-12]
Label: climbing_hold    Predictions: [1.0000000e+00 1.5581274e-16 1.1497484e-12 5.3253847e-12 8.7051828e-13
 4.8423847e-16 1.9193359e-19 5.4297993e-15 9.0844441e-12 1.1287136e-11]
Label: climbing_hold    Predictions: [1.0000000e+00 2.4827176e-14 9.5333177e-12 1.2203426e-10 5.4990148e-11
 3.7925365e-14 1.7616059e-17 6.6445276e-14 2.4372381e-11 2.0132773e-12]
Label: climbing_hold    Predictions: [1.00000000e+00 7.30798018e-13 6.53348139e-11 5.41850509e-10
 2.58855548e-10 3.38132950e-12 3.61263893e-16 7.07354184e-12
 1.00876106e-10 4.88960955e-11]
Label: climbing_hold    Predictions: [1.0000000e+00 8.8533228e-13 8.5853191e-10 1.3161808e-08 8.0938245e-10
 5.9758760e-12 4.1112959e-15 5.6542431e-12 6.8311834e-10 2.2132782e-09]
Label: climbing_hold    Predictions: [1.0000000e+00 6.8780335e-16 3.8602151e-12 5.7387428e-11 4.2261498e-12
 1.0291686e-15 2.0412851e-18 4.2899534e-15 6.7087546e-12 1.0650145e-11]
Label: climbing_hold    Predictions: [1.0000000e+00 1.0900145e-19 3.9985829e-16 1.9306043e-15 7.9964952e-13
 1.6728562e-18 2.8505820e-23 6.7397756e-17 7.3507086e-15 3.9250146e-16]
Label: climbing_hold    Predictions: [1.0000000e+00 3.7523812e-13 2.6433031e-10 1.5435384e-09 8.9553517e-11
 1.1860665e-12 1.7075978e-15 7.6507117e-13 2.9065855e-10 1.3937640e-08]
Label: climbing_hold    Predictions: [1.0000000e+00 1.0518377e-19 7.4770040e-17 8.6721901e-16 1.8136117e-14
 7.3529093e-19 2.1850751e-23 5.2723591e-18 5.5643547e-15 1.9293444e-16]
Label: climbing_hold    Predictions: [1.0000000e+00 1.3059827e-16 5.5087618e-13 9.4498775e-12 1.9283000e-12
 6.3805833e-16 4.4968356e-19 6.9551019e-16 4.1118506e-12 8.9657387e-12]
Label: climbing_hold    Predictions: [1.0000000e+00 3.8612121e-18 4.8636585e-15 3.2765311e-14 7.8133425e-13
 2.1809775e-16 1.0198296e-20 6.0369605e-16 8.1526067e-14 2.3632038e-14]
Label: climbing_hold    Predictions: [1.0000000e+00 3.2818986e-17 3.0074036e-13 1.8971519e-12 3.1591768e-13
 6.1431230e-17 3.2587769e-20 6.3524602e-16 1.9473457e-12 2.5690064e-12]
Label: climbing_hold    Predictions: [1.0000000e+00 4.9127792e-13 8.4840628e-11 8.9597813e-10 4.7786863e-10
 2.7147006e-12 4.2266330e-16 6.5978958e-12 1.4152171e-10 3.8556033e-11]
Label: climbing_hold    Predictions: [1.0000000e+00 3.1798928e-14 1.1113714e-11 5.0131406e-11 5.7972488e-11
 9.1045396e-14 2.8212199e-17 2.0797136e-13 6.0042138e-11 5.1707037e-12]
Label: climbing_hold    Predictions: [1.0000000e+00 4.3863494e-21 8.7436663e-18 1.6245408e-16 1.3573042e-14
 2.4144672e-20 5.4637428e-25 1.1919662e-18 3.9609783e-16 1.1396106e-17]
Label: climbing_hold    Predictions: [1.0000000e+00 5.2120194e-21 1.0009225e-17 1.4645463e-16 1.3709195e-14
 2.6972033e-20 5.9669646e-25 1.1139331e-18 4.2248759e-16 1.3604953e-17]
Label: climbing_hold    Predictions: [1.0000000e+00 5.4251242e-21 9.4783880e-18 1.2616801e-16 1.3676966e-14
 2.6811184e-20 5.7161325e-25 1.0154051e-18 4.0999388e-16 1.5358789e-17]
Label: climbing_hold    Predictions: [1.0000000e+00 2.0472071e-15 5.5049624e-12 6.6442463e-11 5.9363989e-12
 1.8426285e-14 1.6950380e-17 1.5126091e-14 1.3824884e-11 8.9183452e-11]
Label: climbing_hold    Predictions: [1.00000000e+00 2.81693194e-15 6.49357347e-12 7.59585936e-11
 1.02092215e-11 1.29086237e-14 1.14999992e-17 7.77423949e-15
 2.76349117e-11 4.93495800e-11]
Label: climbing_hold    Predictions: [1.0000000e+00 2.4696740e-13 1.1744654e-10 9.6411412e-10 1.1962049e-10
 9.6376336e-13 1.8799776e-15 4.3497259e-13 2.2085035e-10 8.9988852e-09]
Label: clip    Predictions: [3.0117942e-08 9.9996865e-01 1.4770761e-09 3.1028019e-05 3.1006098e-07
 2.8461793e-08 1.6097315e-08 1.1503595e-08 1.0361340e-08 1.1802458e-08]
Label: clip    Predictions: [8.2210857e-07 9.9995923e-01 7.1272488e-08 3.4931090e-05 2.0332157e-06
 3.1012698e-07 4.0659307e-07 1.5461756e-06 5.8729444e-08 5.5419349e-07]
Label: clip    Predictions: [3.0298730e-05 9.9910295e-01 1.8265468e-06 8.1428484e-04 9.8097362e-06
 1.2761443e-05 4.8893889e-06 1.0685275e-05 5.7576317e-06 6.8666704e-06]
Label: clip    Predictions: [3.82473031e-09 9.99947429e-01 4.36457870e-10 5.24653151e-05
 9.87870123e-08 9.63725721e-09 1.19172325e-08 4.06618916e-09
 2.34335018e-09 2.17198304e-09]
Label: clip    Predictions: [5.7549979e-08 9.9998498e-01 9.5483843e-09 1.0545937e-05 2.6662050e-07
 2.4824228e-06 1.7473114e-07 1.3215215e-06 2.3810880e-08 6.4158300e-08]
Label: clip    Predictions: [3.82473031e-09 9.99947429e-01 4.36457870e-10 5.24653151e-05
 9.87870123e-08 9.63725721e-09 1.19172325e-08 4.06618916e-09
 2.34335018e-09 2.17198304e-09]
Label: clip    Predictions: [1.0123741e-05 9.9938822e-01 1.4848537e-06 1.7325149e-04 1.4230628e-05
 7.0656082e-05 6.9509024e-06 3.2413355e-04 3.3907183e-06 7.4441059e-06]
Label: clip    Predictions: [2.2427189e-07 9.9995124e-01 9.4522798e-09 4.7817841e-05 2.2044453e-07
 1.3640306e-07 1.9614748e-07 6.6186992e-08 1.8537010e-08 7.2024349e-08]
Label: clip    Predictions: [1.7685602e-07 9.9996841e-01 9.0134593e-09 3.0667405e-05 4.4628507e-07
 1.4350059e-07 3.3058910e-08 1.8932965e-08 1.6735403e-07 3.3795594e-08]
Label: clip    Predictions: [2.1258451e-07 9.9985659e-01 2.9409490e-09 1.4223543e-04 8.8461729e-07
 4.7862152e-08 5.1458894e-08 2.5211627e-08 7.4949371e-09 1.6752971e-08]
Label: clip    Predictions: [3.82473031e-09 9.99947429e-01 4.36457870e-10 5.24653151e-05
 9.87870123e-08 9.63725721e-09 1.19172325e-08 4.06618916e-09
 2.34335018e-09 2.17198304e-09]
Label: clip    Predictions: [7.7813917e-07 9.9876863e-01 1.0111301e-07 1.2144080e-03 7.1166523e-06
 3.8893422e-06 2.0001094e-06 1.9553670e-06 4.6337280e-07 5.4586008e-07]
Label: clip    Predictions: [1.1395591e-07 9.9997258e-01 1.1174807e-09 2.7206434e-05 1.2093096e-07
 9.3248742e-09 1.8235397e-08 3.4316336e-09 1.1494758e-08 1.0852982e-08]
Label: clip    Predictions: [3.82473031e-09 9.99947429e-01 4.36457870e-10 5.24653151e-05
 9.87870123e-08 9.63725721e-09 1.19172325e-08 4.06618916e-09
 2.34335018e-09 2.17198304e-09]
Label: clip    Predictions: [1.1852117e-08 9.9989486e-01 1.7056300e-09 1.0480806e-04 3.1072724e-07
 3.5769851e-08 4.9038967e-08 1.8893699e-08 7.7986329e-09 6.3131642e-09]
Label: clip    Predictions: [1.3355125e-08 9.9999726e-01 1.1142300e-10 2.7617782e-06 7.9535631e-09
 7.9648732e-09 7.1334325e-09 7.0052825e-10 1.0343105e-10 6.5082468e-09]
Label: clip    Predictions: [1.0775535e-08 9.9999785e-01 1.1941713e-10 2.1869239e-06 6.2466157e-09
 3.0975760e-09 5.3825877e-09 3.6024517e-10 7.0080497e-11 2.8332505e-09]
Label: clip    Predictions: [1.6118398e-04 9.8437208e-01 6.2122417e-05 5.1339515e-03 4.5110381e-04
 1.2465083e-03 2.8595855e-04 7.9131629e-03 1.5152741e-04 2.2230708e-04]
Label: clip    Predictions: [1.3543337e-07 9.9997044e-01 1.6755230e-08 2.5164758e-05 5.4648149e-07
 2.1055951e-06 2.8123961e-07 1.2147658e-06 4.4129841e-08 8.8899881e-08]
Label: clip    Predictions: [3.82473031e-09 9.99947429e-01 4.36457870e-10 5.24653151e-05
 9.87870123e-08 9.63725721e-09 1.19172325e-08 4.06618916e-09
 2.34335018e-09 2.17198304e-09]
Label: dasani    Predictions: [6.2359352e-14 1.4879452e-15 1.0000000e+00 1.3738447e-12 1.0240557e-12
 2.4918962e-15 1.0290387e-12 5.8356362e-14 6.0455518e-10 2.3425626e-12]
Label: dasani    Predictions: [7.0643330e-01 7.4092295e-06 2.7796251e-01 2.2726002e-04 1.4367360e-03
 3.8329781e-06 1.7239917e-06 3.3332548e-05 1.3766639e-02 1.2731875e-04]
Label: dasani    Predictions: [1.7083423e-13 4.8103886e-15 1.0000000e+00 1.1590074e-11 1.1222152e-12
 2.4739867e-14 1.3461625e-12 1.1900292e-13 3.5855444e-12 1.0608503e-11]
Label: dasani    Predictions: [4.2692903e-01 6.2404087e-07 4.7375482e-01 2.7337619e-05 7.8977959e-04
 1.0075547e-06 3.8433905e-07 7.9861384e-06 9.8471962e-02 1.7111721e-05]
Label: dasani    Predictions: [2.88170607e-08 5.99711658e-09 9.99989271e-01 9.60169473e-06
 1.23794692e-07 1.06160565e-08 1.91859883e-07 2.55338612e-08
 1.34288442e-07 5.26180372e-07]
Label: dasani    Predictions: [2.5227815e-01 6.5286019e-07 4.8610708e-01 3.5829853e-05 1.7338980e-03
 9.3316919e-07 6.2290889e-07 8.1028420e-06 2.5982487e-01 9.9152730e-06]
Label: dasani    Predictions: [9.9237971e-02 5.0678302e-04 2.7312902e-01 1.2719964e-02 2.4500387e-02
 7.8008400e-04 4.6852496e-04 1.4206564e-02 5.7377243e-01 6.7829876e-04]
Label: dasani    Predictions: [1.7194311e-01 5.2281239e-06 4.8616478e-01 1.7725208e-04 4.2598275e-03
 4.7733083e-06 3.3902450e-06 7.2603347e-05 3.3732510e-01 4.3949014e-05]
Label: dasani    Predictions: [1.71315517e-13 4.78505937e-15 1.00000000e+00 1.15192205e-11
 1.12752971e-12 2.49406581e-14 1.34921371e-12 1.18999076e-13
 3.57587376e-12 1.06264659e-11]
Label: dasani    Predictions: [1.6143953e-02 1.5855437e-04 4.8937660e-01 2.0453872e-03 4.4494998e-03
 4.2326067e-04 3.1884987e-04 2.5742066e-03 4.8401043e-01 4.9926050e-04]
Label: dasani    Predictions: [1.0117767e-10 1.4585732e-11 1.0000000e+00 1.9955460e-08 1.2135886e-09
 2.6942542e-11 5.5482180e-10 2.8544353e-11 1.1702933e-09 1.7657610e-09]
Label: dasani    Predictions: [2.8578247e-08 8.2203172e-10 9.9996257e-01 4.3691409e-07 9.7972809e-08
 3.1276490e-09 9.7957113e-08 6.3027180e-08 2.7536180e-05 9.1279344e-06]
Label: dasani    Predictions: [1.1083344e-01 2.9198301e-04 5.6603956e-01 4.9920999e-03 1.9901441e-02
 7.2004931e-04 3.9285456e-04 8.0008227e-03 2.8771308e-01 1.1146707e-03]
Label: dasani    Predictions: [3.7282576e-11 1.4230409e-12 1.0000000e+00 1.1807527e-09 2.9304553e-10
 3.3495680e-12 9.4808807e-11 5.6832629e-12 9.5193187e-10 6.5409655e-10]
Label: dasani    Predictions: [3.0026281e-10 2.3557999e-11 1.0000000e+00 3.7757286e-09 6.2523708e-10
 6.0788728e-11 2.3712241e-09 1.5609700e-10 1.2103091e-08 5.7775837e-09]
Label: dasani    Predictions: [8.1943908e-13 2.6279653e-14 1.0000000e+00 5.2316769e-11 7.0629856e-12
 1.0159949e-13 3.1074780e-12 3.4028268e-13 8.7210751e-12 3.2642600e-11]
Label: dasani    Predictions: [9.0698792e-13 2.6268426e-14 1.0000000e+00 4.9394780e-11 4.4002293e-12
 1.2884476e-13 4.6662123e-12 4.2488024e-13 2.1526116e-11 4.0244010e-11]
Label: dasani    Predictions: [1.46273941e-01 5.06984996e-08 7.91799843e-01 8.56889164e-06
 1.59277566e-04 1.07690035e-07 3.37337873e-08 8.65795471e-07
 6.17539734e-02 3.40654196e-06]
Label: dasani    Predictions: [1.6229039e-02 1.8556602e-06 8.2269245e-01 4.4894692e-05 5.9290021e-04
 1.0054366e-06 1.2046521e-06 8.6713444e-06 1.6041119e-01 1.6817474e-05]
Label: dasani    Predictions: [3.9710760e-01 1.4169153e-05 5.8438045e-01 2.4292634e-04 1.7042067e-03
 6.8251270e-06 3.8078156e-06 1.0876976e-04 1.6249502e-02 1.8186415e-04]
Label: glue    Predictions: [3.2423231e-05 5.2089882e-03 1.1623857e-06 9.9470806e-01 8.3885789e-06
 8.5321044e-06 7.8279172e-06 4.7911664e-07 7.8446527e-07 2.3240069e-05]
Label: glue    Predictions: [2.2910819e-04 1.7758407e-01 9.6034546e-06 8.2153094e-01 4.5908528e-04
 3.2501546e-05 7.8244404e-05 4.1790458e-06 4.3395175e-05 2.8928684e-05]
Label: glue    Predictions: [2.1709916e-08 1.1393285e-08 4.0693031e-09 9.9999964e-01 5.2624674e-08
 6.3596084e-09 2.0783989e-07 2.7139466e-10 9.2972963e-09 8.2587100e-08]
Label: glue    Predictions: [3.0646149e-08 1.3683081e-08 4.5410466e-09 9.9999952e-01 7.1110236e-08
 7.2123196e-09 2.3833752e-07 3.0413427e-10 1.1033108e-08 1.0176906e-07]
Label: glue    Predictions: [2.9176209e-07 7.3781102e-08 7.8625719e-09 9.9999797e-01 1.5926584e-07
 1.0000516e-07 2.2470989e-07 1.9619890e-09 5.2940404e-08 1.1312262e-06]
Label: glue    Predictions: [6.9718668e-04 7.1176272e-03 1.4871186e-05 9.9175256e-01 1.4108044e-04
 5.1302097e-05 2.4708503e-05 2.5192183e-05 2.0652446e-05 1.5476697e-04]
Label: glue    Predictions: [3.4705037e-05 6.4986234e-05 5.1428576e-04 9.9779701e-01 5.2611147e-05
 4.3233641e-04 3.0675947e-04 2.4142953e-05 4.2585944e-04 3.4725148e-04]
Label: glue    Predictions: [2.7559724e-04 3.5407135e-01 1.0697087e-04 6.3750297e-01 2.9721032e-03
 9.0745790e-04 2.4500429e-03 8.9700241e-04 5.4108060e-04 2.7542934e-04]
Label: glue    Predictions: [5.7281522e-05 3.9533943e-01 1.3820786e-05 6.0368103e-01 2.4169045e-04
 8.6390050e-05 4.3096748e-04 2.3797378e-05 2.5419733e-05 1.0023762e-04]
Label: glue    Predictions: [2.9607696e-04 1.2117555e-02 7.4612276e-06 9.8716301e-01 2.5633277e-04
 2.1632461e-05 1.1993943e-05 1.9302022e-05 7.9353413e-06 9.8824887e-05]
Label: glue    Predictions: [9.2981242e-02 8.5391052e-02 9.3661445e-05 8.1989956e-01 6.5787788e-04
 1.5663545e-04 2.8299752e-05 2.1216143e-05 1.8842040e-04 5.8202929e-04]
Label: glue    Predictions: [1.3967610e-05 2.8400058e-05 3.3211100e-07 9.9992907e-01 6.8171184e-06
 4.6487112e-06 3.2119251e-06 1.5371157e-07 2.1750429e-06 1.1310819e-05]
Label: glue    Predictions: [1.8600708e-06 9.6338113e-07 5.3447639e-08 9.9998355e-01 1.1312626e-06
 1.1944209e-06 1.7229179e-06 4.3307164e-08 1.9090277e-07 9.3186072e-06]
Label: glue    Predictions: [2.6839396e-05 2.3069299e-05 1.6145781e-05 9.9954873e-01 2.5720621e-05
 1.3655788e-04 3.3569984e-05 8.2709912e-06 9.4997689e-05 8.6025335e-05]
Label: glue    Predictions: [7.2155819e-07 2.4288124e-07 2.7904732e-06 9.9993384e-01 8.5277435e-07
 3.7866001e-05 6.5698748e-07 3.5250284e-07 1.3875749e-05 8.8515953e-06]
Label: glue    Predictions: [6.3812424e-04 9.1747073e-03 1.6071150e-06 9.9010664e-01 4.6777215e-05
 3.9267879e-06 2.3193672e-06 1.5062250e-07 1.5280527e-06 2.4036241e-05]
Label: glue    Predictions: [2.0484992e-04 3.3403395e-03 1.3466157e-06 9.9638617e-01 6.5504969e-06
 8.2660863e-06 4.2459728e-06 2.3166190e-07 5.2389657e-07 4.7560603e-05]
Label: glue    Predictions: [2.7334038e-04 1.2956117e-01 7.0094279e-06 8.6983752e-01 2.1444117e-04
 2.0782971e-05 4.3512344e-05 1.2549798e-06 1.4184088e-05 2.6792048e-05]
Label: glue    Predictions: [2.6524978e-07 8.0464353e-08 7.7361406e-09 9.9999762e-01 2.1087924e-07
 1.9093969e-07 3.3751891e-07 3.6816064e-09 5.3693519e-08 1.2475316e-06]
Label: glue    Predictions: [9.65803065e-06 1.22436995e-05 4.94856067e-05 9.99333680e-01
 1.14209506e-05 1.03119062e-04 1.66779228e-05 7.07464369e-06
 3.36621946e-04 1.20032615e-04]
Label: spray_bottle    Predictions: [1.6134047e-05 3.3640013e-10 7.0726095e-08 3.1308971e-06 9.9994421e-01
 3.7424572e-10 1.4569669e-09 1.3528505e-10 3.6436668e-05 6.7769601e-10]
Label: spray_bottle    Predictions: [1.3389856e-05 5.9265620e-08 5.3942824e-08 2.2568923e-07 9.9993789e-01
 2.6182795e-08 5.3154497e-10 4.7177215e-05 1.1399429e-06 2.7829207e-08]
Label: spray_bottle    Predictions: [1.1480191e-05 4.5469228e-10 6.8014309e-08 1.8594451e-06 9.9990654e-01
 4.4391228e-09 1.8209064e-08 1.5734184e-08 8.0130172e-05 2.6617915e-09]
Label: spray_bottle    Predictions: [4.8712216e-05 7.3435564e-09 9.8732116e-08 5.0144108e-06 9.9994278e-01
 3.7414258e-09 9.3783026e-09 8.6166567e-09 3.3171912e-06 9.0350545e-09]
Label: spray_bottle    Predictions: [1.5214890e-04 3.7684578e-12 4.9912540e-08 1.8896172e-07 9.9982506e-01
 2.4209710e-12 2.2395534e-12 6.4370030e-11 2.2472248e-05 1.5710876e-10]
Label: spray_bottle    Predictions: [7.9381115e-09 1.6155173e-13 5.0804631e-11 1.0400125e-10 9.9999988e-01
 7.8074580e-13 3.7894644e-13 6.5653573e-08 2.9890124e-09 3.5753004e-12]
Label: spray_bottle    Predictions: [9.45750287e-08 1.93765368e-11 1.14409204e-10 9.01576647e-10
 9.99999642e-01 1.18334396e-11 3.10836183e-11 5.38378897e-09
 2.66286463e-07 3.46518855e-11]
Label: spray_bottle    Predictions: [3.4850649e-09 3.4679304e-13 9.7721345e-12 6.6621521e-11 1.0000000e+00
 1.4265677e-13 5.0276330e-13 8.0080309e-10 2.7388889e-09 1.2595860e-12]
Label: spray_bottle    Predictions: [8.8223796e-06 1.7527368e-09 2.7792133e-08 3.0737471e-07 9.9944609e-01
 1.5355974e-08 1.2108835e-07 6.9223020e-08 5.4445560e-04 4.2177533e-09]
Label: spray_bottle    Predictions: [8.3069168e-08 7.2328595e-11 9.3384351e-08 1.3981074e-08 9.9982315e-01
 1.3636678e-10 3.2400575e-11 1.7651467e-04 7.6386321e-08 3.1493181e-09]
Label: spray_bottle    Predictions: [1.0550243e-01 4.3039543e-07 5.1418656e-06 4.2313484e-05 8.9434934e-01
 1.2979297e-07 6.1991152e-08 8.0489393e-05 1.8596613e-05 1.0271899e-06]
Label: spray_bottle    Predictions: [4.2351550e-01 1.4153463e-09 1.1317358e-06 9.4793959e-06 5.7646686e-01
 7.7074142e-10 4.9279486e-10 6.0218106e-08 6.8593936e-06 7.1537102e-08]
Label: spray_bottle    Predictions: [1.5214890e-04 3.7684578e-12 4.9912540e-08 1.8896172e-07 9.9982506e-01
 2.4209710e-12 2.2395534e-12 6.4370030e-11 2.2472248e-05 1.5710876e-10]
Label: spray_bottle    Predictions: [3.87109339e-01 1.71851848e-08 3.26547911e-06 3.14459576e-05
 6.12847924e-01 1.00936735e-08 6.18230711e-09 9.75766739e-07
 6.78893002e-06 3.25557039e-07]
Label: spray_bottle    Predictions: [4.9754564e-04 4.3842857e-10 4.1142724e-07 8.5671936e-06 9.9935812e-01
 2.7249625e-09 9.0251695e-10 6.0404726e-10 1.3527311e-04 3.5646186e-09]
Label: spray_bottle    Predictions: [8.0917878e-03 1.8139908e-06 4.6776277e-06 1.2633891e-04 9.8645961e-01
 5.4121551e-07 4.7618405e-06 3.7078090e-07 5.3068302e-03 3.1200602e-06]
Label: spray_bottle    Predictions: [7.7485520e-04 8.3360234e-09 4.9324331e-06 2.4546065e-05 9.9868554e-01
 1.4514330e-08 1.5840664e-09 1.6169245e-07 5.0969695e-04 3.0452375e-07]
Label: spray_bottle    Predictions: [3.3972635e-06 2.8578360e-09 9.0100839e-06 3.3693934e-07 9.9967909e-01
 8.8891570e-09 2.7614377e-09 2.9961593e-04 8.4612129e-06 1.7563417e-07]
Label: spray_bottle    Predictions: [1.0709955e-08 2.1448943e-12 1.7417883e-09 1.3611711e-09 9.9999666e-01
 1.0308549e-11 3.9906156e-12 3.3302904e-06 1.1675075e-08 8.4535538e-11]
Label: spray_bottle    Predictions: [8.9763947e-05 4.4727182e-07 1.9455729e-06 5.4773855e-06 8.7830955e-01
 3.1197666e-07 4.2816339e-08 1.2158940e-01 2.6761275e-06 4.4605017e-07]
Label: toothbrushes    Predictions: [3.3814600e-11 1.9143213e-10 1.0236837e-10 3.2635723e-09 3.9722253e-10
 1.0000000e+00 9.3520758e-10 3.9915468e-10 2.3911122e-09 2.7706839e-08]
Label: toothbrushes    Predictions: [7.1239873e-13 6.2767040e-12 3.0496358e-12 7.8559097e-11 1.2817206e-11
 1.0000000e+00 3.5933992e-11 2.2326269e-11 6.0778868e-11 1.8720898e-09]
Label: toothbrushes    Predictions: [7.09701612e-12 2.60455581e-11 1.79204759e-11 4.72191397e-10
 1.03806255e-10 1.00000000e+00 1.09623900e-10 4.65313205e-11
 6.19097218e-10 5.03071274e-09]
Label: toothbrushes    Predictions: [3.1083796e-09 7.8536999e-10 3.0587533e-09 2.6370691e-07 8.8747658e-09
 9.9999666e-01 3.6323591e-09 1.4697552e-08 3.0581714e-06 7.7147419e-08]
Label: toothbrushes    Predictions: [1.7416532e-09 3.7342351e-10 1.6187738e-09 1.5128543e-07 5.2301017e-09
 9.9999738e-01 1.9511581e-09 8.2665510e-09 2.4300755e-06 4.1084697e-08]
Label: toothbrushes    Predictions: [1.8303771e-07 3.8536498e-08 3.5522498e-07 1.0654097e-05 6.8222948e-07
 9.9956805e-01 1.6249402e-07 6.5193160e-07 4.1742585e-04 1.7746131e-06]
Label: toothbrushes    Predictions: [3.95083958e-07 2.48439818e-07 1.05317483e-07 1.33286485e-05
 8.52703693e-07 9.99925375e-01 1.41125113e-07 4.97058977e-07
 1.82458880e-05 4.08888300e-05]
Label: toothbrushes    Predictions: [1.6903510e-06 2.0962677e-06 1.8822805e-06 7.8523073e-05 1.4779776e-05
 9.9963844e-01 2.6527021e-06 2.7626271e-05 2.1782031e-04 1.4385562e-05]
Label: toothbrushes    Predictions: [3.8989867e-05 8.0981961e-05 5.3810170e-05 2.3844955e-02 9.0105546e-05
 9.3001729e-01 5.5504532e-04 2.0551127e-04 4.1915707e-02 3.1975687e-03]
Label: toothbrushes    Predictions: [1.2609073e-06 1.3496789e-06 5.8260434e-07 1.5918200e-04 1.5479059e-06
 9.9973983e-01 1.3423709e-06 3.0915824e-06 7.7811041e-05 1.4131319e-05]
Label: toothbrushes    Predictions: [1.7416532e-09 3.7342351e-10 1.6187738e-09 1.5128543e-07 5.2301017e-09
 9.9999738e-01 1.9511581e-09 8.2665510e-09 2.4300755e-06 4.1084697e-08]
Label: toothbrushes    Predictions: [8.4678767e-08 8.7902137e-08 1.3196505e-07 4.8919783e-06 9.8662611e-07
 9.9990273e-01 3.9042508e-08 1.2999541e-06 8.8482942e-05 1.2563088e-06]
Label: toothbrushes    Predictions: [1.7416532e-09 3.7342351e-10 1.6187738e-09 1.5128543e-07 5.2301017e-09
 9.9999738e-01 1.9511581e-09 8.2665510e-09 2.4300755e-06 4.1084697e-08]
Label: toothbrushes    Predictions: [3.9939646e-06 8.8955931e-06 2.6132342e-05 5.0320032e-05 4.7438891e-05
 9.9892753e-01 7.6639626e-06 4.2179040e-06 3.6534856e-04 5.5849069e-04]
Label: toothbrushes    Predictions: [1.5194221e-08 5.4199684e-10 3.5471079e-09 1.8967083e-07 4.2023384e-08
 9.9999726e-01 9.2837499e-10 2.0113758e-08 1.3001873e-06 1.2421532e-06]
Label: toothbrushes    Predictions: [9.7584481e-15 6.5278159e-14 2.5357844e-13 1.0491446e-12 1.5210599e-14
 1.0000000e+00 6.2105247e-13 2.1789196e-12 4.3117645e-12 1.3131579e-10]
Label: toothbrushes    Predictions: [3.3140020e-07 3.0300896e-07 8.9657357e-07 1.0167346e-05 1.2832026e-06
 9.9993134e-01 2.5406476e-07 4.4343838e-07 3.1097868e-05 2.3821925e-05]
Label: toothbrushes    Predictions: [4.4331996e-06 1.5999958e-05 2.8419097e-05 6.0820308e-05 5.1151401e-05
 9.9887472e-01 1.0258583e-05 4.8672878e-06 1.9146017e-04 7.5776706e-04]
Label: toothbrushes    Predictions: [4.4505882e-11 3.1188760e-10 9.6326114e-10 1.6956202e-09 7.1347366e-11
 9.9999988e-01 3.3480207e-09 2.8855742e-09 1.7213019e-08 5.1264252e-08]
Label: toothbrushes    Predictions: [2.2872956e-14 3.1067835e-13 9.3660919e-13 1.7491555e-12 4.2240100e-14
 1.0000000e+00 2.5372319e-12 6.1633016e-12 4.8476091e-11 2.7060182e-10]
Label: toothpaste    Predictions: [1.6018881e-09 8.6755016e-08 4.1648761e-07 5.8914043e-08 3.0113733e-07
 7.8488675e-08 9.9999428e-01 3.2280033e-07 4.3394116e-06 9.7383086e-08]
Label: toothpaste    Predictions: [2.7786617e-10 3.4701689e-08 3.8655639e-08 2.2246334e-07 5.1828511e-07
 1.0986304e-08 9.9999607e-01 2.2522189e-08 3.1759682e-06 8.4450162e-09]
Label: toothpaste    Predictions: [1.2234232e-11 1.6956669e-08 5.2135119e-06 2.4031284e-09 3.9236448e-07
 6.9672483e-06 9.9998307e-01 5.0104512e-09 4.2696070e-06 3.6446903e-09]
Label: toothpaste    Predictions: [1.2234232e-11 1.6956669e-08 5.2135119e-06 2.4031284e-09 3.9236448e-07
 6.9672483e-06 9.9998307e-01 5.0104512e-09 4.2696070e-06 3.6446903e-09]
Label: toothpaste    Predictions: [1.0442772e-09 4.1924821e-07 4.9908162e-04 1.5405801e-07 1.3038624e-05
 5.7889978e-05 9.9930251e-01 4.1200471e-07 1.2621624e-04 4.3476422e-07]
Label: toothpaste    Predictions: [9.2786507e-09 6.7053213e-07 1.0825867e-02 7.9674447e-07 3.7157050e-05
 2.0758879e-04 9.8709351e-01 1.8780123e-06 1.8309507e-03 1.5169410e-06]
Label: toothpaste    Predictions: [1.1895111e-05 1.4462095e-04 8.0570564e-05 2.0629898e-04 1.1725072e-04
 5.6945055e-04 9.9758923e-01 5.4136873e-04 6.2290690e-04 1.1659083e-04]
Label: toothpaste    Predictions: [1.8096199e-09 2.9403273e-07 2.2306852e-03 1.2677393e-07 1.5359439e-05
 1.6209214e-04 9.9648982e-01 6.7224897e-07 1.1003203e-03 4.9057292e-07]
Label: toothpaste    Predictions: [1.0457400e-11 2.1406370e-08 2.8627603e-06 2.8469922e-09 4.3385086e-07
 6.1540763e-06 9.9998772e-01 4.0751185e-09 2.8859397e-06 3.2315457e-09]
Label: toothpaste    Predictions: [1.1851999e-11 2.6603942e-08 1.7073149e-05 2.0962871e-09 5.5383146e-07
 8.4379772e-06 9.9996090e-01 9.2261541e-09 1.3101416e-05 4.6287449e-09]
Label: toothpaste    Predictions: [1.2234232e-11 1.6956669e-08 5.2135119e-06 2.4031284e-09 3.9236448e-07
 6.9672483e-06 9.9998307e-01 5.0104512e-09 4.2696070e-06 3.6446903e-09]
Label: toothpaste    Predictions: [3.3611598e-04 5.5150513e-04 9.4726245e-04 3.6291939e-03 1.6334647e-01
 2.8990569e-02 2.2284938e-01 6.4851749e-03 5.6803292e-01 4.8314044e-03]
Label: toothpaste    Predictions: [0.00088847 0.00226985 0.00269485 0.54125476 0.00293338 0.04217602
 0.24873084 0.01890826 0.02649723 0.11364634]
Label: toothpaste    Predictions: [1.2234232e-11 1.6956669e-08 5.2135119e-06 2.4031284e-09 3.9236448e-07
 6.9672483e-06 9.9998307e-01 5.0104512e-09 4.2696070e-06 3.6446903e-09]
Label: toothpaste    Predictions: [1.2126185e-09 5.9024245e-08 3.0499535e-07 5.0212893e-08 2.5849542e-07
 4.1164402e-08 9.9999571e-01 1.6548469e-07 3.4385391e-06 4.6869225e-08]
Label: toothpaste    Predictions: [1.2738059e-08 1.7836273e-07 1.3677795e-06 6.1678645e-07 6.8181458e-07
 7.6658046e-07 9.9998403e-01 1.7239394e-06 1.0369266e-05 3.4073034e-07]
Label: toothpaste    Predictions: [1.9260588e-10 1.7402268e-08 4.9945257e-08 1.9148906e-06 9.4772076e-07
 6.5905077e-09 9.9999583e-01 5.7908101e-09 1.1528522e-06 2.0579238e-09]
Label: toothpaste    Predictions: [2.5198801e-09 3.5160756e-08 3.6168223e-07 8.1301351e-08 1.8739630e-07
 1.7191614e-07 9.9999487e-01 4.4217850e-07 3.6906752e-06 9.1673044e-08]
Label: toothpaste    Predictions: [1.0939986e-09 7.5966263e-08 5.1784532e-08 1.5231444e-05 1.5771643e-06
 9.3842987e-09 9.9998116e-01 1.7984162e-08 1.9297263e-06 6.5217112e-09]
Label: toothpaste    Predictions: [3.7024390e-06 3.3676243e-04 2.2938651e-05 1.3264585e-03 4.4939551e-04
 2.5409328e-05 9.9743468e-01 1.0328376e-04 2.7444065e-04 2.2889242e-05]
Label: watermelon    Predictions: [1.9886297e-09 1.8925781e-14 4.0342724e-13 8.8139430e-14 2.7477132e-11
 3.4858222e-13 1.4638544e-15 1.0000000e+00 1.3240769e-12 1.4915589e-12]
Label: watermelon    Predictions: [4.6313926e-07 1.3624334e-11 1.6237332e-10 1.7084711e-10 5.0201288e-09
 1.0842738e-09 3.1620120e-11 9.9999952e-01 8.6355861e-10 1.2007700e-09]
Label: watermelon    Predictions: [3.57798235e-08 6.12218956e-12 1.00523284e-10 3.02984964e-11
 5.15219334e-09 7.65910044e-11 1.10675932e-12 1.00000000e+00
 2.22680166e-10 8.65045535e-11]
Label: watermelon    Predictions: [1.2137385e-03 9.6804670e-06 1.8979183e-04 5.0774338e-03 1.7806615e-03
 1.8709026e-04 3.5277865e-06 9.9139905e-01 4.6911544e-05 9.2050381e-05]
Label: watermelon    Predictions: [1.3286929e-07 5.4689482e-12 4.1767829e-09 6.5286891e-09 3.3800305e-07
 1.1755905e-09 3.7763785e-11 9.9999952e-01 3.9217993e-10 2.3735865e-08]
Label: watermelon    Predictions: [1.3286929e-07 5.4689482e-12 4.1767829e-09 6.5286891e-09 3.3800305e-07
 1.1755905e-09 3.7763785e-11 9.9999952e-01 3.9217993e-10 2.3735865e-08]
Label: watermelon    Predictions: [4.3930516e-08 7.0234866e-13 9.2982627e-12 3.1847335e-12 1.9217039e-10
 5.4964744e-12 4.5863094e-14 1.0000000e+00 1.3961380e-11 3.0210955e-11]
Label: watermelon    Predictions: [7.7963381e-07 1.4574613e-09 3.0342113e-07 4.3066802e-07 2.5360453e-06
 8.3949722e-08 3.0100418e-09 9.9999547e-01 6.5250546e-08 3.4341579e-07]
Label: watermelon    Predictions: [2.1801034e-09 2.1299780e-14 3.9198660e-13 8.3434405e-14 2.4265000e-11
 3.2387800e-13 1.1034547e-15 1.0000000e+00 1.1225513e-12 1.4377819e-12]
Label: watermelon    Predictions: [1.2048760e-05 9.8299724e-10 5.1999014e-09 1.6504558e-08 3.8769076e-07
 2.1545759e-08 7.9358736e-10 9.9998748e-01 4.1774516e-08 2.6513163e-08]
Label: watermelon    Predictions: [1.9886297e-09 1.8925781e-14 4.0342724e-13 8.8139430e-14 2.7477132e-11
 3.4858222e-13 1.4638544e-15 1.0000000e+00 1.3240769e-12 1.4915589e-12]
Label: watermelon    Predictions: [2.6851281e-04 1.4366019e-05 4.7191686e-05 6.1666948e-04 5.9572275e-04
 2.4723352e-04 1.4853856e-05 9.9811858e-01 3.7295504e-05 3.9440132e-05]
Label: watermelon    Predictions: [6.1468678e-03 2.1292635e-05 1.6164767e-04 1.1195377e-03 1.0898566e-02
 3.2654344e-04 4.8730126e-05 9.8096830e-01 5.2973792e-05 2.5552080e-04]
Label: watermelon    Predictions: [2.7985653e-04 4.2840795e-05 1.2345087e-04 1.6224703e-03 5.3507782e-04
 5.1798503e-04 2.8012471e-05 9.9666375e-01 7.7626901e-05 1.0896340e-04]
Label: watermelon    Predictions: [2.3854057e-06 2.4397226e-10 1.6609134e-08 6.1578376e-08 1.3175006e-06
 2.1829422e-08 5.3593419e-10 9.9999607e-01 4.7307172e-08 8.1395477e-08]
Label: watermelon    Predictions: [2.6065737e-07 3.9272377e-11 1.7793885e-08 2.1558341e-08 5.4699660e-07
 4.2696202e-09 1.5663787e-10 9.9999905e-01 3.0660734e-09 3.2096480e-08]
Label: watermelon    Predictions: [1.61438715e-03 2.02637466e-07 3.36400092e-07 4.89714125e-07
 1.19877395e-05 5.71666874e-07 2.80455179e-08 9.98370349e-01
 8.05991931e-07 8.30645604e-07]
Label: watermelon    Predictions: [1.1078153e-06 5.2901028e-10 8.3771940e-09 1.4986143e-09 8.1634354e-08
 2.3893725e-09 5.2120395e-11 9.9999881e-01 4.5050945e-09 4.2285140e-09]
Label: watermelon    Predictions: [2.0195828e-06 7.5127456e-12 8.9769209e-10 8.9970781e-10 2.1844249e-08
 1.2916808e-09 8.1591314e-12 9.9999797e-01 8.7016583e-10 1.6823487e-08]
Label: watermelon    Predictions: [1.9014153e-05 1.2279099e-08 3.8582463e-08 5.8713415e-08 2.2682500e-06
 8.6450498e-08 1.5306847e-08 9.9997807e-01 3.9728070e-07 9.5693991e-08]
Label: wipes    Predictions: [1.03827302e-09 1.53219989e-11 3.21216032e-09 1.21865629e-10
 1.17039205e-08 6.35764275e-10 2.73524342e-10 1.09256722e-10
 1.00000000e+00 1.02239250e-09]
Label: wipes    Predictions: [2.0509955e-10 8.2924704e-13 7.1884371e-10 2.4625751e-10 2.9956109e-09
 6.2918132e-10 1.7710784e-11 2.2063719e-11 1.0000000e+00 1.2941882e-10]
Label: wipes    Predictions: [6.1584987e-11 9.7199367e-12 8.0893642e-10 3.3233274e-10 2.1491869e-10
 8.1800994e-10 2.6657632e-10 6.6815199e-11 1.0000000e+00 9.4052696e-11]
Label: wipes    Predictions: [4.5843697e-07 8.8390266e-08 5.7531897e-06 8.0617683e-06 7.3146668e-07
 1.4632551e-06 6.0520262e-07 7.9987603e-07 9.9997973e-01 2.2402653e-06]
Label: wipes    Predictions: [3.7540156e-07 4.6113719e-08 8.1740745e-06 3.3945835e-05 1.4142182e-06
 8.4513296e-05 6.7934639e-07 9.3796393e-07 9.9982017e-01 4.9790666e-05]
Label: wipes    Predictions: [7.6472508e-09 1.7822415e-09 2.2783719e-07 6.4532571e-08 1.2802167e-08
 2.2370804e-07 1.6622943e-08 6.8159816e-09 9.9999940e-01 2.0930489e-08]
Label: wipes    Predictions: [3.9682231e-09 6.3282914e-11 2.3938421e-07 2.3285349e-09 8.2515996e-08
 4.8245713e-10 5.1636476e-07 2.8174696e-08 9.9999654e-01 2.5981033e-06]
Label: wipes    Predictions: [5.7505768e-11 9.3073639e-12 7.7764983e-10 3.0553449e-10 2.2632193e-10
 4.2146672e-10 2.6743494e-10 5.9973117e-11 1.0000000e+00 8.2316029e-11]
Label: wipes    Predictions: [1.4193173e-11 1.2436670e-13 4.5122159e-11 1.9046934e-12 5.1396964e-10
 1.5731220e-11 1.4166640e-11 1.6648748e-12 1.0000000e+00 1.0555521e-11]
Label: wipes    Predictions: [3.4860305e-12 2.2846884e-14 1.0730462e-11 3.6163539e-13 1.2647801e-10
 4.0693993e-12 2.2583057e-12 3.2751457e-13 1.0000000e+00 2.2357324e-12]
Label: wipes    Predictions: [7.2882845e-06 4.9352894e-07 1.4939792e-05 1.2523181e-05 3.1879703e-05
 6.3093858e-06 2.6575566e-05 9.6220956e-06 9.9988782e-01 2.4439762e-06]
Label: wipes    Predictions: [1.1823196e-05 4.7722765e-06 4.3309739e-04 1.9430950e-04 2.3853851e-05
 4.3201158e-05 2.8431403e-05 2.3635514e-05 9.9917573e-01 6.1086248e-05]
Label: wipes    Predictions: [3.2860880e-14 1.7406917e-16 3.2798279e-13 4.3102779e-15 2.7020289e-12
 2.2838126e-14 2.2369884e-14 2.2355029e-15 1.0000000e+00 4.4480272e-14]
Label: wipes    Predictions: [7.5250410e-11 3.6081704e-12 1.5323205e-10 4.0857259e-11 1.6343458e-09
 4.0159454e-10 5.0404566e-11 1.4810847e-11 1.0000000e+00 2.5589200e-10]
Label: wipes    Predictions: [1.2730021e-09 5.6853803e-11 2.3506955e-08 3.1796157e-09 1.1017719e-08
 1.8958199e-09 7.5409972e-09 3.3035730e-09 1.0000000e+00 1.5480856e-08]
Label: wipes    Predictions: [1.6971037e-15 1.7774207e-18 1.3673028e-14 2.3294719e-16 1.6677154e-13
 1.0599034e-15 1.9318926e-16 3.2451361e-17 1.0000000e+00 2.7212077e-15]
Label: wipes    Predictions: [1.5221900e-08 1.4691953e-09 8.6483375e-08 1.6912497e-07 2.1876016e-08
 2.9116812e-08 1.4687450e-08 2.6693774e-08 9.9999964e-01 2.5848323e-08]
Label: wipes    Predictions: [2.2910333e-10 1.8791093e-12 4.3502305e-10 1.0379913e-10 2.1074422e-09
 6.4685840e-10 9.4260842e-11 3.2160313e-11 1.0000000e+00 9.1139063e-10]
Label: wipes    Predictions: [1.1907497e-08 4.5989060e-10 4.8281487e-07 1.7392384e-08 1.5281607e-07
 2.6112900e-08 1.6229097e-07 1.2348278e-08 9.9999809e-01 1.1280955e-06]
Label: wipes    Predictions: [5.7505768e-11 9.3073639e-12 7.7764983e-10 3.0553449e-10 2.2632193e-10
 4.2146672e-10 2.6743494e-10 5.9973117e-11 1.0000000e+00 8.2316029e-11]
Label: zoink    Predictions: [7.1358359e-16 7.1926694e-19 2.3818874e-15 1.6914393e-18 2.2135659e-16
 5.9051955e-16 2.4679209e-18 1.0621382e-14 4.9654135e-16 1.0000000e+00]
Label: zoink    Predictions: [5.1751776e-06 3.1030489e-09 1.1719484e-07 8.4812832e-08 3.4543095e-08
 9.7860334e-07 4.7133401e-11 5.9050322e-08 6.2458380e-06 9.9998736e-01]
Label: zoink    Predictions: [4.2993231e-12 9.0306333e-15 4.9329130e-12 3.7095448e-15 1.2851961e-12
 3.1348628e-12 9.6534448e-15 4.0100608e-13 3.6729877e-13 1.0000000e+00]
Label: zoink    Predictions: [1.5150924e-14 7.3443388e-17 1.5935015e-13 5.7828527e-17 1.0959336e-14
 2.6276094e-14 1.7552078e-16 1.9534298e-14 9.1246489e-15 1.0000000e+00]
Label: zoink    Predictions: [1.5211063e-05 7.8143331e-10 2.2921818e-06 4.8869005e-08 1.4609605e-08
 1.6143584e-07 3.3960430e-09 1.3553780e-07 4.1924679e-08 9.9998212e-01]
Label: zoink    Predictions: [6.6218616e-16 1.3714050e-19 1.5473776e-15 1.0540434e-18 4.3676076e-17
 4.9064039e-16 3.2488984e-19 4.6981318e-15 1.9879629e-16 1.0000000e+00]
Label: zoink    Predictions: [9.65448294e-07 1.95324729e-11 3.98160125e-07 1.39399803e-09
 1.02333531e-09 1.44690517e-08 2.10118478e-10 1.42967735e-08
 3.11049098e-09 9.99998569e-01]
Label: zoink    Predictions: [8.28016215e-12 1.13066625e-14 9.06180860e-12 6.35852387e-15
 8.68206765e-13 4.44074161e-12 5.62492261e-15 5.73733606e-13
 5.73386824e-13 1.00000000e+00]
Label: zoink    Predictions: [8.9246324e-13 5.1077733e-16 7.3749974e-13 3.5391324e-15 3.2735638e-14
 3.9404355e-13 1.2535724e-16 4.5121768e-13 2.1404130e-13 1.0000000e+00]
Label: zoink    Predictions: [7.8323301e-06 2.1321558e-08 1.5725108e-07 4.6912530e-07 1.1285882e-07
 3.2420992e-06 3.6551456e-10 1.5196652e-07 1.8092414e-05 9.9996984e-01]
Label: zoink    Predictions: [2.6112701e-08 2.9111711e-12 1.0059507e-09 6.3833626e-11 4.4641318e-11
 3.9956158e-09 7.7332177e-14 4.6877785e-10 2.2832651e-09 1.0000000e+00]
Label: zoink    Predictions: [2.45532278e-15 9.29352928e-19 1.23608475e-14 5.65358924e-18
 2.24360922e-16 4.54849874e-15 2.19342490e-17 3.38613258e-15
 9.22266414e-16 1.00000000e+00]
Label: zoink    Predictions: [6.6218616e-16 1.3714050e-19 1.5473776e-15 1.0540434e-18 4.3676076e-17
 4.9064039e-16 3.2488984e-19 4.6981318e-15 1.9879629e-16 1.0000000e+00]
Label: zoink    Predictions: [6.6218616e-16 1.3714050e-19 1.5473776e-15 1.0540434e-18 4.3676076e-17
 4.9064039e-16 3.2488984e-19 4.6981318e-15 1.9879629e-16 1.0000000e+00]
Label: zoink    Predictions: [8.28016215e-12 1.13066625e-14 9.06180860e-12 6.35852387e-15
 8.68206765e-13 4.44074161e-12 5.62492261e-15 5.73733606e-13
 5.73386824e-13 1.00000000e+00]
Label: zoink    Predictions: [1.1883532e-09 6.6097448e-13 4.3740114e-09 2.0774034e-12 7.8140217e-11
 2.4499724e-10 2.1554288e-12 1.8839300e-11 4.8970487e-11 1.0000000e+00]
Label: zoink    Predictions: [9.3111503e-15 3.3196220e-17 1.4114277e-13 4.7169286e-17 5.5550229e-15
 1.7947061e-14 1.3169188e-16 1.5650272e-14 4.5463824e-15 1.0000000e+00]
Label: zoink    Predictions: [2.0321538e-09 6.7014393e-12 5.2778937e-10 1.8495152e-11 8.3866282e-11
 5.5262579e-11 2.0399641e-12 3.2639502e-10 4.4957588e-10 1.0000000e+00]
Label: zoink    Predictions: [4.0359389e-11 3.6882568e-13 4.9057897e-11 7.3593265e-14 1.0887058e-11
 3.9453878e-11 1.4441326e-13 7.3724837e-12 3.3083983e-12 1.0000000e+00]
Label: zoink    Predictions: [3.0780374e-04 7.2015846e-06 2.6965603e-05 1.1237608e-04 1.4901326e-05
 1.8814697e-04 4.8401580e-07 2.6158043e-04 1.4723065e-04 9.9893337e-01]
