Label: climbing_hold    Predictions: [1. 0. 0. 0. 0. 0. 0. 0. 0. 0.]
Label: climbing_hold    Predictions: [1. 0. 0. 0. 0. 0. 0. 0. 0. 0.]
Label: climbing_hold    Predictions: [1.0000000e+00 0.0000000e+00 0.0000000e+00 9.0399994e-32 0.0000000e+00
 0.0000000e+00 0.0000000e+00 5.3945074e-33 9.8782645e-37 2.5115355e-38]
Label: climbing_hold    Predictions: [1.0000000e+00 0.0000000e+00 0.0000000e+00 1.8004659e-33 0.0000000e+00
 0.0000000e+00 0.0000000e+00 1.0120028e-32 1.9390706e-37 0.0000000e+00]
Label: climbing_hold    Predictions: [1.0000000e+00 0.0000000e+00 0.0000000e+00 1.4008672e-26 0.0000000e+00
 0.0000000e+00 4.1200412e-37 9.3605149e-29 1.6604738e-30 2.8014014e-32]
Label: climbing_hold    Predictions: [1.0000000e+00 0.0000000e+00 0.0000000e+00 4.6110407e-38 0.0000000e+00
 0.0000000e+00 0.0000000e+00 0.0000000e+00 0.0000000e+00 0.0000000e+00]
Label: climbing_hold    Predictions: [1. 0. 0. 0. 0. 0. 0. 0. 0. 0.]
Label: climbing_hold    Predictions: [1. 0. 0. 0. 0. 0. 0. 0. 0. 0.]
Label: climbing_hold    Predictions: [1. 0. 0. 0. 0. 0. 0. 0. 0. 0.]
Label: climbing_hold    Predictions: [1. 0. 0. 0. 0. 0. 0. 0. 0. 0.]
Label: climbing_hold    Predictions: [1. 0. 0. 0. 0. 0. 0. 0. 0. 0.]
Label: climbing_hold    Predictions: [1. 0. 0. 0. 0. 0. 0. 0. 0. 0.]
Label: climbing_hold    Predictions: [1.0000000e+00 0.0000000e+00 0.0000000e+00 1.1783934e-34 0.0000000e+00
 0.0000000e+00 0.0000000e+00 3.7328032e-34 1.3462577e-38 0.0000000e+00]
Label: climbing_hold    Predictions: [1.000000e+00 0.000000e+00 0.000000e+00 6.903111e-38 0.000000e+00
 0.000000e+00 0.000000e+00 0.000000e+00 0.000000e+00 0.000000e+00]
Label: climbing_hold    Predictions: [1. 0. 0. 0. 0. 0. 0. 0. 0. 0.]
Label: climbing_hold    Predictions: [1. 0. 0. 0. 0. 0. 0. 0. 0. 0.]
Label: climbing_hold    Predictions: [1. 0. 0. 0. 0. 0. 0. 0. 0. 0.]
Label: climbing_hold    Predictions: [1. 0. 0. 0. 0. 0. 0. 0. 0. 0.]
Label: climbing_hold    Predictions: [1. 0. 0. 0. 0. 0. 0. 0. 0. 0.]
Label: climbing_hold    Predictions: [1.00000000e+00 0.00000000e+00 0.00000000e+00 1.35339585e-36
 0.00000000e+00 0.00000000e+00 0.00000000e+00 0.00000000e+00
 0.00000000e+00 0.00000000e+00]
Label: clip    Predictions: [3.0783524e-06 9.9908042e-01 2.1065145e-07 8.5837109e-04 2.0136689e-07
 5.2641981e-06 3.6342302e-05 1.2424419e-05 1.9668639e-06 1.7334056e-06]
Label: clip    Predictions: [1.12843576e-04 9.96147990e-01 1.16475312e-05 1.89017621e-03
 1.57724135e-05 1.41357203e-04 8.39693879e-04 7.37778551e-04
 3.01362616e-05 7.26722137e-05]
Label: clip    Predictions: [2.05775518e-06 9.99617696e-01 6.47873506e-08 3.41723819e-04
 3.87458101e-08 2.55293639e-06 2.32468919e-05 1.12756925e-05
 8.98065196e-07 4.84028305e-07]
Label: clip    Predictions: [2.7794189e-09 9.9999726e-01 1.5259610e-10 2.5015131e-06 1.2550896e-10
 1.6355614e-08 9.0609035e-08 7.5221905e-08 1.5478001e-09 2.4887952e-09]
Label: clip    Predictions: [5.31445832e-10 9.99999404e-01 1.47521481e-10 8.18592412e-08
 1.43044274e-11 9.22181584e-08 9.71555778e-08 2.99961982e-07
 1.30530176e-09 9.48382817e-10]
Label: clip    Predictions: [2.7794189e-09 9.9999726e-01 1.5259610e-10 2.5015131e-06 1.2550896e-10
 1.6355614e-08 9.0609035e-08 7.5221905e-08 1.5478001e-09 2.4887952e-09]
Label: clip    Predictions: [4.2884126e-06 9.9855858e-01 3.0067258e-07 1.7234861e-04 2.2873419e-07
 7.4040895e-06 1.9287426e-04 1.0606720e-03 1.5496980e-06 1.7608457e-06]
Label: clip    Predictions: [2.1127251e-05 9.9700719e-01 1.0565568e-06 2.7556785e-03 3.6585802e-06
 8.7640738e-06 1.0735485e-04 8.3031402e-05 2.9801686e-06 9.1504771e-06]
Label: clip    Predictions: [7.89576617e-08 9.99970317e-01 2.75231304e-09 2.56053027e-05
 4.65123273e-09 2.22646520e-07 3.09618440e-06 4.58783859e-07
 1.05168056e-07 3.88168182e-08]
Label: clip    Predictions: [7.1837938e-05 9.9378490e-01 1.4159608e-06 5.6855129e-03 3.4699131e-06
 4.0891169e-05 2.4999000e-04 1.3656946e-04 9.1417332e-06 1.6309901e-05]
Label: clip    Predictions: [2.7794189e-09 9.9999726e-01 1.5259610e-10 2.5015131e-06 1.2550896e-10
 1.6355614e-08 9.0609035e-08 7.5221905e-08 1.5478001e-09 2.4887952e-09]
Label: clip    Predictions: [6.2722143e-09 9.9999440e-01 7.7052459e-10 4.9737805e-06 6.9071349e-10
 6.6103176e-08 2.3628654e-07 3.3225186e-07 5.8449974e-09 7.7674462e-09]
Label: clip    Predictions: [8.7161156e-05 9.9360210e-01 3.5414692e-07 6.1408225e-03 1.6487489e-06
 7.6799406e-06 9.5233539e-05 5.6206496e-05 4.4951580e-06 4.2521810e-06]
Label: clip    Predictions: [2.7794189e-09 9.9999726e-01 1.5259610e-10 2.5015131e-06 1.2550896e-10
 1.6355614e-08 9.0609035e-08 7.5221905e-08 1.5478001e-09 2.4887952e-09]
Label: clip    Predictions: [4.5687982e-09 9.9999440e-01 2.8343583e-10 5.3143717e-06 2.2384146e-10
 2.9565030e-08 1.5685517e-07 1.0541057e-07 2.5940186e-09 4.4337498e-09]
Label: clip    Predictions: [3.8539132e-04 9.7024834e-01 3.2406565e-06 2.8524118e-02 1.5659356e-05
 1.5014827e-05 1.6946574e-04 5.4670783e-04 2.3716353e-05 6.8374422e-05]
Label: clip    Predictions: [5.8307041e-06 9.9907458e-01 1.2796386e-07 8.8441704e-04 1.9719242e-07
 4.1843150e-06 1.5397383e-05 1.2958974e-05 8.7180382e-07 1.3991782e-06]
Label: clip    Predictions: [7.0017981e-05 9.7824895e-01 6.2105973e-06 3.8220575e-03 1.0958589e-05
 8.3660969e-05 4.0556551e-03 1.3645158e-02 2.8469778e-05 2.8883629e-05]
Label: clip    Predictions: [7.3475945e-09 9.9999475e-01 1.4748063e-09 1.0740085e-06 2.0267459e-10
 1.6472482e-07 1.4517915e-06 2.5523898e-06 9.5569321e-09 7.7310585e-09]
Label: clip    Predictions: [2.7794189e-09 9.9999726e-01 1.5259610e-10 2.5015131e-06 1.2550896e-10
 1.6355614e-08 9.0609035e-08 7.5221905e-08 1.5478001e-09 2.4887952e-09]
Label: dasani    Predictions: [2.2069411e-14 4.1897873e-18 1.0000000e+00 6.8982499e-13 3.8218527e-17
 3.4290607e-19 1.7221176e-18 2.6591407e-14 8.7761985e-14 5.2404822e-16]
Label: dasani    Predictions: [1.0000000e+00 2.0703760e-14 2.2478962e-13 2.7686329e-09 4.3301717e-14
 1.9214498e-15 2.1358768e-14 1.7370720e-10 1.1572227e-11 4.2318688e-12]
Label: dasani    Predictions: [1.6201670e-14 2.1234762e-17 1.0000000e+00 4.5223228e-11 2.7102988e-15
 3.1893212e-17 2.6419730e-17 3.3186667e-13 1.8317876e-13 1.3961750e-15]
Label: dasani    Predictions: [1.0000000e+00 3.1367178e-15 2.6261291e-12 6.9835571e-10 5.6493320e-14
 1.1936237e-16 7.1930371e-16 7.3497000e-11 1.2166322e-12 6.4687014e-12]
Label: dasani    Predictions: [4.4367010e-11 3.0881922e-10 9.9999893e-01 1.1324523e-06 2.0121340e-09
 3.0445608e-11 3.5045566e-10 2.5936112e-08 1.6654125e-09 1.8674863e-10]
Label: dasani    Predictions: [1.0000000e+00 2.7708603e-14 3.0381305e-11 7.5550766e-09 6.6257123e-13
 1.2257960e-15 7.2123288e-15 3.6646169e-10 7.7185940e-12 6.0367801e-11]
Label: dasani    Predictions: [9.9876404e-01 2.4338651e-06 4.8419228e-05 7.4159884e-04 2.4285694e-06
 1.6134672e-07 9.9314946e-07 4.0771588e-04 1.6403676e-05 1.5981761e-05]
Label: dasani    Predictions: [9.9999976e-01 2.4331719e-12 1.2127807e-09 1.9544406e-07 5.9417020e-11
 1.0507098e-13 6.1390818e-13 6.9304411e-09 1.2764732e-10 4.2087560e-09]
Label: dasani    Predictions: [1.6268122e-14 2.0783335e-17 1.0000000e+00 4.5313281e-11 2.6812171e-15
 3.1947886e-17 2.5846539e-17 3.2817426e-13 1.8312253e-13 1.3866740e-15]
Label: dasani    Predictions: [9.9998009e-01 2.4314717e-09 1.6401007e-06 1.2440815e-05 8.0587265e-10
 1.8150025e-09 1.6085009e-08 5.0752765e-06 3.5985065e-07 3.4682719e-07]
Label: dasani    Predictions: [2.8810908e-14 7.7960928e-16 1.0000000e+00 7.6814588e-10 8.2378108e-14
 2.4937873e-16 2.2236383e-15 4.8040786e-12 4.8225383e-13 6.4618848e-15]
Label: dasani    Predictions: [6.6220248e-01 2.4505586e-12 3.3776930e-01 2.5997788e-05 1.4735342e-13
 1.4478868e-12 3.4174095e-09 1.3149743e-07 2.0285627e-06 1.6607382e-09]
Label: dasani    Predictions: [9.9997079e-01 6.3231642e-09 1.3763962e-06 1.8506244e-05 3.4424770e-09
 3.1544427e-09 1.8056635e-08 8.0242644e-06 2.7456451e-07 8.7602695e-07]
Label: dasani    Predictions: [3.5699804e-15 6.5943242e-19 1.0000000e+00 2.9979196e-13 4.0207751e-17
 9.2421555e-20 2.6473793e-18 2.7524456e-14 6.8146520e-15 4.0209283e-17]
Label: dasani    Predictions: [9.1862141e-13 3.3948498e-15 1.0000000e+00 2.8033076e-11 4.6837378e-14
 8.3946683e-17 4.2949801e-15 7.1470195e-12 7.1441299e-12 1.4337636e-13]
Label: dasani    Predictions: [4.3070501e-14 7.4081277e-17 1.0000000e+00 7.9395275e-11 7.1264270e-15
 6.7280105e-17 8.1349640e-17 9.6788430e-13 3.2272300e-13 3.0236836e-15]
Label: dasani    Predictions: [8.2697372e-14 3.1189960e-17 1.0000000e+00 5.9245928e-11 4.8340446e-15
 5.0162816e-17 4.1542989e-17 5.6580803e-13 3.4959297e-13 3.1503643e-15]
Label: dasani    Predictions: [1.0000000e+00 2.2431717e-17 4.4634015e-14 6.2849496e-11 7.7479698e-17
 1.3235148e-18 1.4793015e-17 5.1281267e-12 1.6849360e-13 9.4127932e-14]
Label: dasani    Predictions: [1.0000000e+00 1.7918561e-15 1.1747621e-12 4.9463367e-09 4.2530143e-15
 4.5244249e-16 7.9761671e-15 4.1925206e-11 6.1963763e-12 2.7433813e-12]
Label: dasani    Predictions: [1.0000000e+00 3.1654616e-13 1.9293779e-12 1.2697146e-08 4.1459644e-13
 3.7292049e-14 3.4744253e-13 1.8035367e-09 9.3572448e-11 3.7941990e-11]
Label: glue    Predictions: [1.9089130e-01 1.9292541e-04 5.9918075e-06 8.0777031e-01 1.1979862e-05
 3.0484971e-05 3.0552130e-04 4.0589472e-05 6.4943742e-04 1.0160020e-04]
Label: glue    Predictions: [6.7518344e-03 1.4208034e-02 7.1146103e-05 9.7497034e-01 1.6583061e-04
 1.0803645e-04 2.6004179e-03 2.5679378e-04 3.7834051e-04 4.8914435e-04]
Label: glue    Predictions: [6.3059332e-24 5.1080237e-32 1.3216969e-28 1.0000000e+00 3.0447525e-28
 6.3919344e-24 1.2078009e-29 2.6563490e-28 5.9062362e-22 6.9890032e-26]
Label: glue    Predictions: [7.20415988e-23 4.17865061e-31 1.04619105e-27 1.00000000e+00
 1.78948840e-27 2.03793427e-23 7.03873108e-29 1.81700320e-27
 1.34543764e-21 4.43934876e-25]
Label: glue    Predictions: [2.0958206e-21 1.6519156e-27 3.2732334e-25 1.0000000e+00 1.0508925e-24
 1.0171449e-20 3.4043273e-24 1.6721684e-24 3.7399424e-20 7.3658116e-22]
Label: glue    Predictions: [9.55933034e-01 2.37726852e-07 1.01200740e-07 4.40495983e-02
 1.04964705e-07 1.36206708e-07 6.28519842e-07 3.12017187e-06
 2.20801371e-06 1.08220038e-05]
Label: glue    Predictions: [7.12530946e-12 1.10892825e-14 2.49964502e-12 1.00000000e+00
 3.00841329e-13 3.92992409e-11 7.64118857e-13 7.59650372e-13
 2.21458928e-11 3.42296748e-13]
Label: glue    Predictions: [0.01426043 0.15598187 0.00087215 0.7939536  0.00503639 0.00247944
 0.00868828 0.01296407 0.00166649 0.00409723]
Label: glue    Predictions: [0.01655603 0.09968498 0.00101849 0.83874315 0.00143306 0.00207469
 0.02082748 0.00229345 0.00931883 0.00804991]
Label: glue    Predictions: [9.6909273e-01 2.5457398e-06 4.0165602e-07 3.0864825e-02 4.1179871e-07
 4.0175524e-07 2.6376981e-06 1.1311168e-05 3.3126671e-06 2.1363878e-05]
Label: glue    Predictions: [4.6598500e-01 1.7863650e-04 1.9009811e-05 5.3104204e-01 7.0340771e-05
 4.1958272e-05 3.8581900e-04 2.5377676e-04 1.7755121e-03 2.4793667e-04]
Label: glue    Predictions: [1.91587806e-02 1.58307932e-06 1.00228306e-06 9.80713904e-01
 1.54797135e-06 1.93466349e-06 3.60771537e-06 1.03994735e-05
 9.39489546e-05 1.31205779e-05]
Label: glue    Predictions: [6.9381422e-16 1.1960422e-19 2.4754542e-18 1.0000000e+00 4.6855245e-18
 5.4028564e-15 5.3340394e-18 2.6657217e-18 4.3423441e-15 1.0305908e-15]
Label: glue    Predictions: [8.1592347e-25 4.5115506e-31 2.1344456e-27 1.0000000e+00 5.7972875e-28
 1.7697236e-23 6.2835372e-29 1.1413755e-27 1.1153304e-21 3.3179248e-25]
Label: glue    Predictions: [2.2063215e-26 1.9186468e-35 1.1255833e-30 1.0000000e+00 2.5418770e-31
 2.1922208e-24 1.0583469e-32 2.8025802e-30 3.3663584e-25 2.8374906e-28]
Label: glue    Predictions: [2.2067741e-01 1.8850801e-04 1.0698779e-05 7.7809268e-01 5.1403083e-05
 2.9345210e-05 2.6576084e-04 6.2553161e-05 4.8900669e-04 1.3268420e-04]
Label: glue    Predictions: [3.0712858e-01 5.6404556e-04 1.3172575e-05 6.9106698e-01 3.6025300e-05
 2.9039407e-05 4.7097800e-04 5.1076589e-05 4.7482044e-04 1.6522512e-04]
Label: glue    Predictions: [2.4525670e-03 7.3436280e-03 3.5643283e-05 9.8842233e-01 6.7117937e-05
 3.1024614e-05 1.1296719e-03 1.1289320e-04 1.5025685e-04 2.5500532e-04]
Label: glue    Predictions: [5.3656583e-23 3.9127452e-29 6.3602800e-27 1.0000000e+00 3.6411357e-26
 1.0765872e-21 4.2173348e-26 1.8952975e-26 4.9726795e-21 2.6714768e-23]
Label: glue    Predictions: [4.1859628e-21 1.8125270e-24 5.3053369e-21 1.0000000e+00 1.4146722e-21
 6.0456024e-16 1.2695554e-22 3.4962338e-22 9.0595344e-18 3.5940598e-21]
Label: spray_bottle    Predictions: [9.9894279e-01 1.1161729e-06 2.9296294e-07 9.3147490e-04 9.2844086e-05
 8.7979373e-08 2.2883803e-06 1.8247787e-05 5.7142302e-06 5.1136126e-06]
Label: spray_bottle    Predictions: [2.64032245e-01 1.02508246e-04 5.32212880e-06 1.08338392e-03
 1.38367461e-02 7.42775364e-06 4.50596672e-05 7.20733702e-01
 7.25441423e-05 8.10582133e-05]
Label: spray_bottle    Predictions: [9.9062830e-01 5.8784699e-05 2.5176264e-06 7.1692844e-03 1.6885218e-03
 6.2100503e-07 1.6415328e-05 3.6561079e-04 1.1946037e-05 5.7836747e-05]
Label: spray_bottle    Predictions: [9.8370153e-01 3.5782150e-04 3.2775868e-05 1.0715436e-02 3.1425005e-03
 2.0735926e-05 2.7075599e-04 1.0344582e-03 4.1574653e-04 3.0834286e-04]
Label: spray_bottle    Predictions: [9.9999988e-01 5.7550026e-13 6.9746796e-13 9.0223999e-08 2.0774765e-10
 3.1892891e-14 1.2216990e-12 4.3162690e-10 2.4339036e-10 1.1316004e-10]
Label: spray_bottle    Predictions: [1.6829331e-04 2.5822939e-09 1.4075430e-09 1.8120431e-07 1.6438578e-05
 6.9669756e-11 3.6870613e-09 9.9981505e-01 1.4099533e-09 2.2613232e-08]
Label: spray_bottle    Predictions: [4.16786313e-01 3.22643900e-04 1.15440389e-05 1.97514170e-03
 3.34382445e-01 7.64771539e-06 1.06475374e-04 2.46156976e-01
 8.22025759e-05 1.68571773e-04]
Label: spray_bottle    Predictions: [4.0210408e-04 3.8263064e-08 1.1253902e-08 8.0777465e-07 5.0581055e-04
 2.3576732e-09 7.5830627e-08 9.9909103e-01 4.6731351e-08 1.0977664e-07]
Label: spray_bottle    Predictions: [8.5724896e-01 4.7339662e-03 9.0284673e-05 1.5315685e-02 7.9324536e-02
 3.9256996e-05 6.8997429e-04 4.1479919e-02 3.2018681e-04 7.5721927e-04]
Label: spray_bottle    Predictions: [1.0384633e-03 5.6858465e-07 1.3535525e-07 9.2437813e-06 1.5139978e-04
 3.2951810e-09 2.4805749e-07 9.9879801e-01 2.3117167e-08 1.9053510e-06]
Label: spray_bottle    Predictions: [9.9997938e-01 1.5252440e-10 7.0790422e-11 5.8593372e-07 7.1334818e-09
 9.3787027e-12 3.6724063e-10 2.0048279e-05 1.1587571e-09 2.7151470e-08]
Label: spray_bottle    Predictions: [9.9999988e-01 2.9448013e-12 2.6774394e-12 1.4945984e-07 1.9861417e-10
 3.3192866e-13 1.0147853e-11 9.5755368e-09 4.2169906e-10 6.2088634e-10]
Label: spray_bottle    Predictions: [9.9999988e-01 5.7550026e-13 6.9746796e-13 9.0223999e-08 2.0774765e-10
 3.1892891e-14 1.2216990e-12 4.3162690e-10 2.4339036e-10 1.1316004e-10]
Label: spray_bottle    Predictions: [9.9999499e-01 7.7826912e-10 3.3607600e-10 3.5359496e-06 2.3782116e-08
 6.8400507e-11 1.4777716e-09 1.4057674e-06 7.5230746e-09 4.1100666e-08]
Label: spray_bottle    Predictions: [9.9999928e-01 1.4679218e-11 4.7620276e-12 6.6902135e-07 7.1688111e-10
 1.8093072e-12 9.7683306e-11 5.1466804e-09 4.3026489e-09 7.9474799e-10]
Label: spray_bottle    Predictions: [9.9992394e-01 1.5973706e-08 8.2471718e-09 7.0146481e-05 5.5510907e-07
 4.0637524e-09 4.0663124e-08 4.4104945e-06 4.5942241e-07 3.4116084e-07]
Label: spray_bottle    Predictions: [9.9999988e-01 1.8691227e-11 3.7993454e-12 6.8702199e-08 4.7463360e-11
 5.1565279e-13 2.0840399e-11 6.9417005e-09 2.9208973e-09 2.2174769e-10]
Label: spray_bottle    Predictions: [3.1771466e-01 9.8167628e-04 1.3218091e-04 1.3550035e-02 5.6806363e-02
 2.1233145e-06 6.0871644e-05 6.0882628e-01 1.2122946e-05 1.9136440e-03]
Label: spray_bottle    Predictions: [4.3079711e-04 2.6262953e-07 3.2817347e-08 2.8608627e-06 3.0648470e-04
 1.5878022e-09 9.9447732e-08 9.9925905e-01 8.9603738e-09 3.8322293e-07]
Label: spray_bottle    Predictions: [1.8287085e-04 3.6068759e-09 2.4398253e-10 3.2824087e-08 2.4653602e-08
 4.0024237e-11 1.7127341e-09 9.9981707e-01 3.6868983e-10 1.2084361e-08]
Label: toothbrushes    Predictions: [9.9044604e-15 1.9298841e-16 5.2023408e-14 9.9979144e-01 2.2576000e-14
 2.0860901e-04 5.3801527e-13 1.9425679e-14 4.8350265e-12 9.3252159e-12]
Label: toothbrushes    Predictions: [1.1605754e-15 2.4478053e-17 5.3321236e-15 9.9828643e-01 2.4641749e-15
 1.7136047e-03 4.8345372e-13 6.7759099e-15 1.4295779e-12 7.0463527e-12]
Label: toothbrushes    Predictions: [1.5226057e-13 1.3251822e-15 2.3848049e-13 9.9310267e-01 1.4275511e-13
 6.8973023e-03 5.5485542e-12 1.5733823e-13 4.8336977e-11 1.1426559e-10]
Label: toothbrushes    Predictions: [1.0608494e-10 4.7682254e-15 1.4425795e-15 2.4388677e-03 3.2320923e-13
 9.0001255e-02 9.8201267e-11 1.2727339e-12 9.0755993e-01 1.2449283e-09]
Label: toothbrushes    Predictions: [2.9537425e-11 3.7735564e-16 1.0695292e-16 8.2016469e-04 6.8286570e-14
 6.3678764e-02 2.4507243e-11 1.6326387e-13 9.3550104e-01 4.3428200e-10]
Label: toothbrushes    Predictions: [1.9629099e-12 4.7060397e-15 4.3241236e-16 2.0099569e-05 8.4552870e-15
 1.0939124e-05 2.8896005e-12 2.4245427e-14 9.9996901e-01 1.8196807e-11]
Label: toothbrushes    Predictions: [3.0249208e-09 2.8720261e-14 6.3280069e-16 4.9599460e-03 2.0963097e-12
 1.1820765e-03 7.0642152e-11 1.1450582e-12 9.9385804e-01 8.0131981e-09]
Label: toothbrushes    Predictions: [1.1023868e-07 2.1616883e-08 8.5030261e-10 6.8393173e-03 1.0529778e-09
 1.3704939e-01 3.2251342e-07 3.7653908e-08 8.5610962e-01 1.2445205e-06]
Label: toothbrushes    Predictions: [1.0836029e-06 8.9141416e-08 3.6705126e-07 9.8079294e-01 1.2559744e-06
 5.2395049e-03 2.5539882e-06 3.7338228e-07 1.3908451e-02 5.3429387e-05]
Label: toothbrushes    Predictions: [1.79898736e-14 5.33851462e-16 1.13674125e-13 9.99998450e-01
 5.95811784e-14 1.54402130e-06 3.44526348e-14 1.55406947e-14
 1.91631589e-11 1.07276618e-11]
Label: toothbrushes    Predictions: [2.9537425e-11 3.7735564e-16 1.0695292e-16 8.2016469e-04 6.8286570e-14
 6.3678764e-02 2.4507243e-11 1.6326387e-13 9.3550104e-01 4.3428200e-10]
Label: toothbrushes    Predictions: [4.7902908e-09 5.8221713e-12 2.9136561e-12 5.3245444e-03 1.3948081e-11
 1.3203420e-04 2.2842468e-09 6.6380568e-11 9.9454343e-01 1.0244902e-08]
Label: toothbrushes    Predictions: [2.9537425e-11 3.7735564e-16 1.0695292e-16 8.2016469e-04 6.8286570e-14
 6.3678764e-02 2.4507243e-11 1.6326387e-13 9.3550104e-01 4.3428200e-10]
Label: toothbrushes    Predictions: [1.5769549e-05 2.4992471e-07 1.3718720e-05 9.8197258e-01 1.8702527e-05
 1.7710375e-02 1.2682600e-05 2.9851901e-06 1.7908537e-04 7.3823699e-05]
Label: toothbrushes    Predictions: [7.7132638e-09 2.8559481e-16 4.3790507e-18 6.0974926e-06 9.0653930e-15
 1.7287748e-04 6.6553043e-12 3.9931308e-14 9.9982101e-01 2.6329483e-10]
Label: toothbrushes    Predictions: [1.18386486e-12 1.16739785e-15 4.89997311e-14 7.35451698e-01
 1.03411966e-14 2.64545321e-01 3.00507077e-06 6.38778743e-13
 7.42543860e-10 9.73301717e-11]
Label: toothbrushes    Predictions: [2.1777598e-09 1.8090886e-11 4.4155860e-10 9.9907351e-01 3.6264043e-09
 9.2565571e-04 3.1992897e-09 6.0977806e-10 7.1866594e-07 1.6849735e-07]
Label: toothbrushes    Predictions: [3.3494820e-05 2.6394703e-06 1.2208705e-04 9.7054321e-01 3.9703544e-05
 2.8503198e-02 3.5202505e-05 2.0103838e-05 5.2963960e-04 1.7080524e-04]
Label: toothbrushes    Predictions: [9.4160706e-09 3.4178771e-11 9.1263985e-10 9.9736220e-01 8.9499762e-11
 2.2857569e-03 3.5018902e-04 1.3482137e-08 1.7586522e-06 2.8550234e-08]
Label: toothbrushes    Predictions: [2.9159104e-12 3.9573864e-14 1.1709164e-12 9.5413542e-01 8.5297878e-14
 4.5804527e-02 6.0001152e-05 1.2893581e-11 1.3487702e-09 3.0081590e-10]
Label: toothpaste    Predictions: [2.2796679e-19 1.7724162e-19 2.1676664e-15 7.0773875e-16 8.3615126e-20
 7.8593284e-18 1.0000000e+00 1.6012661e-15 2.4159751e-15 9.9499042e-20]
Label: toothpaste    Predictions: [3.5785103e-18 4.6102428e-18 4.4458117e-15 3.0917434e-14 8.1834793e-19
 3.9855455e-17 1.0000000e+00 5.7159655e-15 1.0425527e-14 7.8908078e-19]
Label: toothpaste    Predictions: [2.5665780e-15 6.7645868e-15 2.4300979e-08 8.9359089e-09 9.9301603e-14
 6.8353043e-13 1.0000000e+00 5.0094890e-11 2.2177119e-12 3.4893827e-16]
Label: toothpaste    Predictions: [2.5665780e-15 6.7645868e-15 2.4300979e-08 8.9359089e-09 9.9301603e-14
 6.8353043e-13 1.0000000e+00 5.0094890e-11 2.2177119e-12 3.4893827e-16]
Label: toothpaste    Predictions: [2.38118770e-15 4.13509044e-16 6.68067557e-08 1.05604735e-11
 3.91628182e-15 1.69225257e-14 9.99999881e-01 1.24363731e-11
 3.34437100e-12 7.05697493e-17]
Label: toothpaste    Predictions: [3.2865599e-11 4.3149397e-14 1.0970712e-03 1.1946182e-08 1.1859953e-12
 3.0691638e-12 9.9890292e-01 1.8326784e-08 1.8528954e-08 8.8022586e-14]
Label: toothpaste    Predictions: [1.4821265e-16 4.8114300e-17 5.6400544e-13 1.2196322e-11 7.8705229e-17
 3.4344871e-15 1.0000000e+00 8.9952393e-11 1.2052104e-13 6.3431339e-17]
Label: toothpaste    Predictions: [6.1530269e-14 1.4097298e-16 4.3617715e-07 7.5685482e-12 2.5152360e-15
 1.9581364e-14 9.9999952e-01 2.0234404e-11 4.7232610e-11 1.8551413e-16]
Label: toothpaste    Predictions: [4.6828153e-15 9.4157690e-15 2.0703983e-08 1.9508443e-08 2.5933899e-13
 1.5302832e-12 1.0000000e+00 7.2100194e-11 2.3646131e-12 7.0074056e-16]
Label: toothpaste    Predictions: [2.3281759e-15 2.2200446e-15 2.1089068e-08 2.3342748e-09 7.5710129e-14
 3.2946372e-13 1.0000000e+00 3.8750888e-11 1.4572739e-12 2.1514362e-16]
Label: toothpaste    Predictions: [2.5665780e-15 6.7645868e-15 2.4300979e-08 8.9359089e-09 9.9301603e-14
 6.8353043e-13 1.0000000e+00 5.0094890e-11 2.2177119e-12 3.4893827e-16]
Label: toothpaste    Predictions: [5.3063461e-05 1.2209370e-05 2.4450757e-04 8.4955937e-01 1.2849231e-04
 1.5957785e-03 1.4630900e-01 2.1711021e-04 1.8618949e-03 1.8462111e-05]
Label: toothpaste    Predictions: [1.8260103e-04 4.9434293e-06 6.3661886e-05 9.7878563e-01 2.0837577e-05
 5.2469317e-04 4.5261174e-03 7.0091010e-05 1.5769936e-02 5.1495361e-05]
Label: toothpaste    Predictions: [2.5665780e-15 6.7645868e-15 2.4300979e-08 8.9359089e-09 9.9301603e-14
 6.8353043e-13 1.0000000e+00 5.0094890e-11 2.2177119e-12 3.4893827e-16]
Label: toothpaste    Predictions: [6.8261836e-21 2.2061588e-21 3.1063639e-16 3.1543537e-17 1.4050185e-21
 1.7180550e-19 1.0000000e+00 7.2832386e-17 9.5075081e-17 1.8364084e-21]
Label: toothpaste    Predictions: [3.7234558e-21 1.2177195e-22 9.4181246e-18 2.9997397e-16 2.7402084e-22
 3.5564873e-20 1.0000000e+00 7.3125572e-16 5.6610593e-17 2.7062496e-22]
Label: toothpaste    Predictions: [7.24098075e-20 7.48330241e-19 7.31878024e-16 1.30908646e-14
 1.12860297e-20 7.50932551e-19 1.00000000e+00 1.22901728e-15
 2.25893867e-16 5.03578914e-21]
Label: toothpaste    Predictions: [5.3953788e-23 7.6805504e-25 4.5314479e-19 1.8422280e-18 1.2495569e-24
 6.0167100e-22 1.0000000e+00 1.7480105e-17 8.8303092e-19 1.9159808e-24]
Label: toothpaste    Predictions: [9.4255246e-19 9.8669106e-18 2.6526300e-15 5.6973149e-13 6.9889181e-20
 8.6707256e-18 1.0000000e+00 5.6064137e-15 1.4539982e-15 3.1081234e-20]
Label: toothpaste    Predictions: [1.0062975e-10 2.2095032e-09 6.7465811e-09 1.4633069e-08 1.4467229e-11
 7.0947498e-10 1.0000000e+00 6.8625816e-09 6.3793890e-09 3.5875986e-11]
Label: watermelon    Predictions: [0. 0. 0. 0. 0. 0. 0. 1. 0. 0.]
Label: watermelon    Predictions: [0. 0. 0. 0. 0. 0. 0. 1. 0. 0.]
Label: watermelon    Predictions: [0. 0. 0. 0. 0. 0. 0. 1. 0. 0.]
Label: watermelon    Predictions: [7.6493686e-01 8.9552431e-15 2.2576228e-13 8.6071957e-08 5.3225236e-14
 4.7638107e-15 1.1159202e-12 2.3506311e-01 1.4573038e-12 1.8824574e-10]
Label: watermelon    Predictions: [1.3119430e-26 0.0000000e+00 0.0000000e+00 1.6370274e-37 0.0000000e+00
 0.0000000e+00 0.0000000e+00 1.0000000e+00 0.0000000e+00 1.1181676e-36]
Label: watermelon    Predictions: [1.3119430e-26 0.0000000e+00 0.0000000e+00 1.6370274e-37 0.0000000e+00
 0.0000000e+00 0.0000000e+00 1.0000000e+00 0.0000000e+00 1.1181676e-36]
Label: watermelon    Predictions: [0. 0. 0. 0. 0. 0. 0. 1. 0. 0.]
Label: watermelon    Predictions: [1.4907685e-23 4.1885142e-38 5.6578155e-34 8.8112071e-32 0.0000000e+00
 0.0000000e+00 3.7116910e-33 1.0000000e+00 1.0024696e-33 6.6192350e-31]
Label: watermelon    Predictions: [0. 0. 0. 0. 0. 0. 0. 1. 0. 0.]
Label: watermelon    Predictions: [3.253162e-28 0.000000e+00 0.000000e+00 0.000000e+00 0.000000e+00
 0.000000e+00 0.000000e+00 1.000000e+00 0.000000e+00 0.000000e+00]
Label: watermelon    Predictions: [0. 0. 0. 0. 0. 0. 0. 1. 0. 0.]
Label: watermelon    Predictions: [1.0603092e-09 2.2031272e-17 3.8699159e-16 7.5703339e-14 3.3347892e-17
 3.1925815e-18 2.2413789e-14 1.0000000e+00 2.0907314e-16 5.5567822e-15]
Label: watermelon    Predictions: [1.9441268e-06 3.8014182e-24 7.3188624e-20 6.8595515e-15 1.1421430e-22
 3.1011608e-23 1.4721710e-18 9.9999809e-01 2.1246045e-19 2.6307647e-17]
Label: watermelon    Predictions: [1.1423362e-08 4.9654321e-16 3.6054289e-14 1.3450981e-11 2.7033702e-15
 1.3366472e-16 1.1496651e-12 1.0000000e+00 7.6019166e-15 4.0847710e-13]
Label: watermelon    Predictions: [2.3923394e-24 0.0000000e+00 0.0000000e+00 1.2165407e-36 0.0000000e+00
 0.0000000e+00 0.0000000e+00 1.0000000e+00 0.0000000e+00 1.1846933e-36]
Label: watermelon    Predictions: [7.7036686e-26 0.0000000e+00 0.0000000e+00 3.1426128e-36 0.0000000e+00
 0.0000000e+00 2.7249776e-38 1.0000000e+00 0.0000000e+00 1.3035115e-35]
Label: watermelon    Predictions: [4.4299733e-07 4.3015128e-26 1.0464551e-25 1.2484302e-19 3.7129040e-27
 1.2261854e-27 1.1167422e-23 9.9999952e-01 1.0456667e-22 1.1678713e-20]
Label: watermelon    Predictions: [4.495324e-35 0.000000e+00 0.000000e+00 0.000000e+00 0.000000e+00
 0.000000e+00 0.000000e+00 1.000000e+00 0.000000e+00 0.000000e+00]
Label: watermelon    Predictions: [4.372363e-30 0.000000e+00 0.000000e+00 0.000000e+00 0.000000e+00
 0.000000e+00 0.000000e+00 1.000000e+00 0.000000e+00 0.000000e+00]
Label: watermelon    Predictions: [9.0337029e-22 0.0000000e+00 5.9361172e-38 6.8266364e-33 0.0000000e+00
 0.0000000e+00 1.6252317e-35 1.0000000e+00 1.3913485e-36 3.3631231e-33]
Label: wipes    Predictions: [1.2396867e-04 2.2450600e-16 1.3623949e-15 1.4959703e-07 5.6220504e-14
 1.2826491e-12 7.8666213e-13 7.0513216e-14 9.9987590e-01 1.2418117e-12]
Label: wipes    Predictions: [6.9561933e-15 3.1463693e-35 3.2208034e-32 3.9280791e-19 4.1684295e-31
 6.0648794e-27 7.6953189e-28 2.0563891e-29 1.0000000e+00 1.7685804e-26]
Label: wipes    Predictions: [5.1890715e-19 3.4455529e-28 8.3736174e-26 2.0557674e-16 1.6573084e-24
 5.8605678e-21 8.9393573e-23 1.6718041e-25 1.0000000e+00 1.3761313e-20]
Label: wipes    Predictions: [7.43191112e-15 1.27743635e-20 1.23604036e-17 1.15772447e-10
 2.48082384e-18 7.97881055e-16 5.24541655e-18 6.95548932e-19
 1.00000000e+00 1.74961246e-16]
Label: wipes    Predictions: [8.0789621e-16 1.8848980e-21 2.1149766e-20 3.2336768e-12 2.8413597e-19
 6.3348008e-14 4.6095972e-16 8.8996011e-19 1.0000000e+00 4.7749208e-15]
Label: wipes    Predictions: [3.8564042e-15 1.3403041e-22 4.8819952e-19 4.7121391e-12 1.3118927e-19
 2.1931739e-17 1.7758813e-19 3.8592496e-20 1.0000000e+00 9.7116470e-17]
Label: wipes    Predictions: [6.8305118e-05 2.1395676e-10 8.6931102e-08 1.6418629e-06 1.5125671e-09
 1.2928693e-09 8.9081246e-01 3.3999640e-07 1.0911584e-01 1.4657613e-06]
Label: wipes    Predictions: [2.3791232e-18 2.7077400e-27 7.1300616e-25 7.2274182e-16 9.4980857e-24
 2.3222626e-20 4.2575285e-22 9.4917775e-25 1.0000000e+00 4.7501283e-20]
Label: wipes    Predictions: [1.0663136e-18 2.5362845e-34 1.6615436e-31 1.6384454e-22 8.1384449e-31
 5.0698690e-28 2.8148723e-28 3.4412000e-31 1.0000000e+00 4.4357556e-27]
Label: wipes    Predictions: [6.1079469e-20 9.4337484e-37 1.6098937e-33 5.7764600e-24 6.6280212e-33
 5.5550865e-30 3.6696996e-30 2.6681329e-33 1.0000000e+00 6.3764044e-29]
Label: wipes    Predictions: [8.7104979e-07 2.3850699e-09 2.0208660e-08 5.5777896e-06 1.0068120e-08
 6.7574589e-08 4.3837474e-08 8.7774339e-09 9.9999321e-01 2.6226238e-07]
Label: wipes    Predictions: [7.6703838e-10 3.1715388e-13 2.1781556e-10 7.7546787e-07 3.5022089e-12
 1.0818249e-10 3.5734860e-11 3.9821323e-12 9.9999917e-01 9.8957370e-11]
Label: wipes    Predictions: [1.9354864e-22 0.0000000e+00 1.8443747e-38 4.5859440e-28 1.9316203e-38
 3.0316568e-35 7.6121117e-35 5.3694669e-38 1.0000000e+00 1.6549633e-33]
Label: wipes    Predictions: [6.5926500e-12 1.1186645e-25 7.8069241e-24 7.8304020e-15 9.6803999e-23
 3.3316564e-20 5.6239422e-20 1.8045603e-22 1.0000000e+00 3.4187404e-20]
Label: wipes    Predictions: [1.2299566e-13 1.5254140e-19 2.6655399e-17 6.4551527e-13 3.3690444e-17
 2.0258817e-15 3.5749953e-15 5.3490974e-18 1.0000000e+00 2.5096363e-14]
Label: wipes    Predictions: [5.6106925e-15 0.0000000e+00 0.0000000e+00 3.5345390e-26 0.0000000e+00
 7.2947625e-36 5.2408710e-35 5.2493722e-36 1.0000000e+00 1.1426274e-32]
Label: wipes    Predictions: [6.3934176e-14 3.9561528e-20 8.4986406e-18 1.6062011e-10 1.2161209e-17
 6.6716626e-15 1.8903383e-17 5.1854530e-18 1.0000000e+00 1.2978980e-15]
Label: wipes    Predictions: [5.1036454e-23 0.0000000e+00 1.8042378e-36 1.7872722e-26 7.6540913e-37
 3.9178452e-33 3.5364013e-33 2.8141630e-36 1.0000000e+00 2.7149540e-31]
Label: wipes    Predictions: [9.7501326e-11 3.6393867e-18 4.0360231e-15 5.4816946e-11 1.1493251e-16
 2.2943205e-15 5.7898772e-15 4.6586881e-16 1.0000000e+00 3.8334157e-14]
Label: wipes    Predictions: [2.3791232e-18 2.7077400e-27 7.1300616e-25 7.2274182e-16 9.4980857e-24
 2.3222626e-20 4.2575285e-22 9.4917775e-25 1.0000000e+00 4.7501283e-20]
Label: zoink    Predictions: [2.7711839e-17 7.2961208e-30 2.0304904e-25 5.0452057e-23 9.3957263e-27
 6.0343599e-23 6.7577209e-24 1.1391477e-21 1.6201327e-18 1.0000000e+00]
Label: zoink    Predictions: [3.3595819e-07 3.0189104e-21 3.1303970e-18 1.1265512e-06 8.1483067e-17
 6.1319324e-14 1.3066436e-16 1.3382532e-15 9.9999857e-01 1.1703045e-10]
Label: zoink    Predictions: [4.7268679e-11 2.1072216e-20 1.7240575e-17 6.0798948e-14 7.0079827e-19
 2.6239670e-15 2.7504171e-16 2.4117866e-14 4.5536074e-13 1.0000000e+00]
Label: zoink    Predictions: [1.2900285e-17 2.7348340e-27 1.3107051e-22 6.6513383e-21 1.1600061e-24
 3.4546992e-21 1.9660259e-22 2.4052192e-20 1.6342301e-17 1.0000000e+00]
Label: zoink    Predictions: [9.9997938e-01 3.2488460e-14 4.1661442e-11 1.7639370e-09 2.0940489e-12
 2.5502685e-13 1.6369426e-12 2.3077460e-08 1.1713543e-09 2.0650563e-05]
Label: zoink    Predictions: [1.9311051e-15 5.6211016e-31 1.2930378e-26 1.6665472e-22 8.2314698e-28
 9.6191782e-24 1.2473709e-24 1.6151565e-21 6.2707615e-18 1.0000000e+00]
Label: zoink    Predictions: [9.9999976e-01 3.1137392e-18 9.5005909e-15 6.7315559e-12 2.5117931e-16
 3.4821862e-17 3.7442742e-16 3.3049365e-11 2.3685248e-13 1.9786354e-07]
Label: zoink    Predictions: [3.5421602e-10 1.9235853e-21 1.1013293e-18 2.6793988e-14 1.1329603e-19
 6.7306323e-16 5.6052531e-17 1.3633834e-14 9.8250954e-13 1.0000000e+00]
Label: zoink    Predictions: [5.2616058e-12 7.8795298e-26 1.0793382e-21 4.1322191e-17 2.9022301e-22
 3.6607020e-19 1.0795199e-20 7.0688274e-18 5.7386490e-13 1.0000000e+00]
Label: zoink    Predictions: [6.5134523e-06 6.1430788e-20 1.3351618e-16 3.0696942e-06 7.2544740e-16
 3.4414217e-13 9.0520293e-16 4.2532353e-14 9.9999046e-01 1.4011707e-09]
Label: zoink    Predictions: [9.7162241e-01 6.6173410e-19 8.1845030e-16 2.8306888e-06 4.0021011e-15
 7.5804201e-13 1.2774812e-14 4.6817940e-12 2.2510355e-02 5.8644093e-03]
Label: zoink    Predictions: [7.9822118e-18 2.7009696e-29 2.0548495e-24 1.2657822e-24 1.1058926e-26
 6.1727936e-24 1.0325227e-23 3.3525376e-21 1.1285051e-18 1.0000000e+00]
Label: zoink    Predictions: [1.9311051e-15 5.6211016e-31 1.2930378e-26 1.6665472e-22 8.2314698e-28
 9.6191782e-24 1.2473709e-24 1.6151565e-21 6.2707615e-18 1.0000000e+00]
Label: zoink    Predictions: [1.9311051e-15 5.6211016e-31 1.2930378e-26 1.6665472e-22 8.2314698e-28
 9.6191782e-24 1.2473709e-24 1.6151565e-21 6.2707615e-18 1.0000000e+00]
Label: zoink    Predictions: [3.5421602e-10 1.9235853e-21 1.1013293e-18 2.6793988e-14 1.1329603e-19
 6.7306323e-16 5.6052531e-17 1.3633834e-14 9.8250954e-13 1.0000000e+00]
Label: zoink    Predictions: [7.0947891e-07 2.9217085e-17 3.2481609e-14 2.8488225e-13 1.0383997e-15
 1.1227142e-14 2.0342528e-14 1.1780086e-11 1.7998471e-10 9.9999928e-01]
Label: zoink    Predictions: [6.9312872e-17 2.8497718e-27 1.3595321e-22 2.7965375e-21 1.2235712e-24
 2.8533918e-21 3.3238459e-22 3.6758129e-20 2.2038502e-17 1.0000000e+00]
Label: zoink    Predictions: [5.8611926e-10 3.8537956e-18 7.9984406e-15 2.1900036e-11 7.0878706e-16
 8.4288228e-14 5.5272906e-15 1.5672332e-12 1.4094283e-10 1.0000000e+00]
Label: zoink    Predictions: [4.2959538e-12 2.5650532e-21 5.1670499e-18 8.2608058e-16 1.2003478e-19
 3.9682508e-17 8.3471805e-18 6.9980600e-15 8.1210395e-14 1.0000000e+00]
Label: zoink    Predictions: [1.85618866e-02 3.60770550e-12 1.44094514e-09 3.38145569e-02
 6.24921670e-10 7.30206935e-08 8.05357669e-10 1.08929825e-08
 9.47621822e-01 1.66077882e-06]
