Label: climbing_hold    Predictions: [9.9999797e-01 1.3489640e-12 3.6648962e-10 5.2534477e-10 2.0511775e-06
 1.1683487e-12 1.3903266e-14 1.4621859e-11 1.0775982e-09 9.6200763e-09]
Label: climbing_hold    Predictions: [9.9998891e-01 1.4373109e-12 1.3763600e-09 8.5782670e-10 1.1044092e-05
 3.5835085e-12 7.7365550e-14 1.5453322e-10 2.6317399e-09 3.0570455e-08]
Label: climbing_hold    Predictions: [9.9999726e-01 2.6821287e-09 3.9902739e-09 7.3740260e-08 2.6180878e-06
 1.9621589e-10 3.6862791e-12 6.9400938e-09 3.7430304e-08 1.8193036e-09]
Label: climbing_hold    Predictions: [9.9999726e-01 2.4936337e-08 6.5475416e-09 5.0145974e-08 2.2258021e-06
 3.9808246e-09 3.5024643e-11 3.2940602e-07 1.6571032e-07 2.5483756e-08]
Label: climbing_hold    Predictions: [9.9998248e-01 8.1998914e-09 1.1313030e-07 1.6741690e-07 1.6773363e-05
 3.4033845e-09 5.2053185e-11 3.3159527e-08 4.3504237e-08 4.3428156e-07]
Label: climbing_hold    Predictions: [9.9999821e-01 1.2966413e-11 1.8425773e-09 2.0277942e-09 1.8061197e-06
 3.0900313e-12 9.0864294e-14 9.6655524e-11 1.1436154e-09 2.5954883e-09]
Label: climbing_hold    Predictions: [9.9999511e-01 8.1172638e-11 5.4088112e-11 2.4344782e-09 4.8393622e-06
 1.3082579e-12 5.6766752e-14 1.7585700e-09 4.9907394e-09 1.5252477e-10]
Label: climbing_hold    Predictions: [9.9999309e-01 3.0890049e-10 1.3549400e-08 6.1150047e-08 5.9038334e-06
 1.1572534e-09 1.1314174e-11 4.3025645e-09 2.1224187e-08 8.6547294e-07]
Label: climbing_hold    Predictions: [9.9999964e-01 1.5037881e-11 6.6600245e-12 5.0110477e-10 4.1360514e-07
 5.2201971e-13 1.4327401e-14 1.6872569e-10 6.2790556e-10 2.9534250e-11]
Label: climbing_hold    Predictions: [9.9999785e-01 1.3901448e-12 3.7553072e-10 5.4980409e-10 2.1297890e-06
 1.2154374e-12 1.4727916e-14 1.5451479e-11 1.1048794e-09 1.0040838e-08]
Label: climbing_hold    Predictions: [9.9999750e-01 2.1156600e-10 5.7097654e-10 1.1871230e-08 2.5254481e-06
 7.9294432e-11 8.3642652e-13 8.7080672e-09 7.5379587e-09 2.6596164e-10]
Label: climbing_hold    Predictions: [9.9999642e-01 5.0617155e-13 5.7632193e-10 4.8702725e-10 3.5343635e-06
 5.3634668e-13 1.9216416e-14 2.0345954e-11 1.1189214e-09 9.7267598e-09]
Label: climbing_hold    Predictions: [9.9999702e-01 1.9247448e-08 5.1878355e-09 3.3003907e-08 2.5232271e-06
 1.5248762e-09 2.8184987e-11 2.0718745e-07 2.3023101e-07 2.3434991e-08]
Label: climbing_hold    Predictions: [9.9999881e-01 1.8474982e-09 1.7591332e-09 2.3989175e-08 1.0735921e-06
 2.4107583e-10 2.3731180e-12 7.8892270e-09 7.3434812e-08 4.8139861e-09]
Label: climbing_hold    Predictions: [9.99998689e-01 1.17746654e-11 1.15296028e-11 4.94895125e-10
 1.32140121e-06 1.17593923e-13 1.64492562e-14 1.93637453e-10
 9.15178044e-10 3.34511516e-11]
Label: climbing_hold    Predictions: [9.9999881e-01 1.2164178e-11 1.1453350e-11 4.8848342e-10 1.1874610e-06
 1.4598864e-13 1.6218841e-14 1.8870359e-10 9.7197872e-10 3.3732621e-11]
Label: climbing_hold    Predictions: [9.9999881e-01 1.3343260e-11 1.3227938e-11 5.5416222e-10 1.1939425e-06
 1.5766810e-13 1.7010561e-14 1.7631398e-10 9.7042641e-10 3.5087752e-11]
Label: climbing_hold    Predictions: [9.9999940e-01 4.4347401e-11 1.1147177e-09 3.9939834e-09 5.5779486e-07
 1.5403215e-11 2.2386657e-13 4.2907376e-11 5.5808220e-09 4.0071171e-08]
Label: climbing_hold    Predictions: [9.9999893e-01 6.8187378e-12 7.2145956e-10 1.4873863e-09 1.1068693e-06
 1.2898244e-11 5.2032323e-14 1.4444962e-11 3.3427723e-09 1.3439780e-08]
Label: climbing_hold    Predictions: [9.9999630e-01 2.5888078e-10 4.6674749e-09 2.7195624e-08 2.9736816e-06
 6.8894518e-10 3.8217970e-12 3.1899672e-09 6.4156556e-09 6.6576695e-07]
Label: clip    Predictions: [4.5749462e-06 9.9779809e-01 2.8052671e-07 1.9463958e-03 4.3324162e-05
 8.1089835e-05 1.2211761e-04 1.1185541e-06 1.5243241e-06 1.6174680e-06]
Label: clip    Predictions: [4.9030663e-05 9.9573058e-01 4.0122536e-06 3.3920214e-03 1.1895668e-04
 3.1618064e-04 1.8984692e-04 1.8701362e-04 4.4788362e-06 7.8104695e-06]
Label: clip    Predictions: [1.3178073e-05 9.9962175e-01 1.9658258e-07 1.3904617e-04 4.2580104e-06
 1.1934504e-04 9.3407725e-05 7.6373062e-06 5.3885793e-07 6.5735702e-07]
Label: clip    Predictions: [3.9988317e-06 9.9944407e-01 1.7790670e-07 3.7494506e-04 2.8505181e-05
 9.2879876e-05 5.1405470e-05 2.7747481e-06 7.3933006e-07 3.5040878e-07]
Label: clip    Predictions: [3.7283678e-06 9.9812526e-01 2.6443846e-07 7.4926415e-05 1.2113367e-05
 1.1601406e-03 4.5693162e-04 1.6465831e-04 1.0003254e-06 1.0140095e-06]
Label: clip    Predictions: [3.9988317e-06 9.9944407e-01 1.7790670e-07 3.7494506e-04 2.8505181e-05
 9.2879876e-05 5.1405470e-05 2.7747481e-06 7.3933006e-07 3.5040878e-07]
Label: clip    Predictions: [3.5630826e-05 9.9622834e-01 1.1440725e-06 3.4344758e-04 4.1583935e-05
 1.4466345e-03 1.1402293e-03 7.5732759e-04 1.9992542e-06 3.7203097e-06]
Label: clip    Predictions: [1.9322810e-05 9.9835432e-01 4.4209264e-07 1.4849402e-03 1.4142251e-05
 4.5338271e-05 7.3396492e-05 6.1258693e-06 6.3857198e-07 1.4028000e-06]
Label: clip    Predictions: [1.4519562e-05 9.6941715e-01 4.0352353e-07 3.0185232e-02 4.1198371e-05
 1.8258102e-04 1.4791376e-04 4.7385581e-07 8.0175914e-06 2.4528856e-06]
Label: clip    Predictions: [5.20771355e-05 9.87133384e-01 5.42457713e-07 1.20087489e-02
 8.32710211e-05 5.87613613e-04 1.05400955e-04 1.73440621e-05
 7.45072884e-06 4.17190176e-06]
Label: clip    Predictions: [3.9988317e-06 9.9944407e-01 1.7790670e-07 3.7494506e-04 2.8505181e-05
 9.2879876e-05 5.1405470e-05 2.7747481e-06 7.3933006e-07 3.5040878e-07]
Label: clip    Predictions: [5.8339383e-06 9.9907589e-01 7.7613180e-07 2.8959961e-04 1.0601892e-04
 3.2332048e-04 1.7149131e-04 2.1710857e-05 3.4934478e-06 1.8659691e-06]
Label: clip    Predictions: [1.7793993e-04 9.8670459e-01 5.1881887e-07 1.2895878e-02 5.1911440e-05
 5.7833298e-05 9.9594850e-05 1.5662298e-06 5.6865729e-06 4.4196527e-06]
Label: clip    Predictions: [3.9988317e-06 9.9944407e-01 1.7790670e-07 3.7494506e-04 2.8505181e-05
 9.2879876e-05 5.1405470e-05 2.7747481e-06 7.3933006e-07 3.5040878e-07]
Label: clip    Predictions: [3.4021523e-06 9.9943775e-01 2.2653958e-07 3.3648257e-04 2.5785666e-05
 1.2179550e-04 6.8649606e-05 4.6933715e-06 8.5139988e-07 2.8092234e-07]
Label: clip    Predictions: [5.1785180e-05 9.9699450e-01 9.4403099e-08 2.7600122e-03 2.3955812e-05
 5.8977195e-05 1.0895996e-04 4.0758405e-07 4.3040299e-07 8.7197566e-07]
Label: clip    Predictions: [2.4436273e-05 9.9732107e-01 1.3089540e-07 2.3469096e-03 4.2111027e-05
 1.2299308e-04 1.4000846e-04 7.4380466e-07 2.8391429e-07 1.2631301e-06]
Label: clip    Predictions: [6.4733882e-05 9.6732706e-01 9.5527839e-06 4.2169350e-03 3.8180305e-04
 9.8793572e-03 1.5867701e-02 2.2017951e-03 2.5390947e-05 2.5747198e-05]
Label: clip    Predictions: [1.7879793e-06 9.9873441e-01 1.7032852e-07 6.3095678e-05 8.9122977e-06
 4.4923695e-04 6.8813626e-04 5.2356663e-05 1.1463862e-06 7.4374719e-07]
Label: clip    Predictions: [3.9988317e-06 9.9944407e-01 1.7790670e-07 3.7494506e-04 2.8505181e-05
 9.2879876e-05 5.1405470e-05 2.7747481e-06 7.3933006e-07 3.5040878e-07]
Label: dasani    Predictions: [4.8878961e-12 1.7183059e-15 9.9999893e-01 1.0949428e-09 6.5716490e-09
 7.9587855e-12 9.5486623e-09 1.0102961e-11 1.0795501e-06 4.5664251e-08]
Label: dasani    Predictions: [9.2694062e-01 8.4466417e-04 3.8630877e-02 4.7737590e-04 2.9850667e-02
 3.3936016e-05 7.5120820e-06 1.4607959e-03 1.6993806e-03 5.4196713e-05]
Label: dasani    Predictions: [8.1441559e-13 5.4274801e-15 1.0000000e+00 1.9868971e-09 1.1013722e-09
 1.5879607e-10 2.3273306e-09 1.1746680e-12 1.5182934e-08 1.8792280e-08]
Label: dasani    Predictions: [8.12223196e-01 1.01954765e-05 1.56971931e-01 4.98295594e-05
 2.70865653e-02 2.97931450e-07 1.02274419e-06 2.83347890e-05
 3.61838331e-03 1.03390475e-05]
Label: dasani    Predictions: [1.8238268e-09 3.1188298e-11 9.9995506e-01 2.0335283e-05 6.4312715e-08
 3.9825406e-07 8.5775764e-06 1.5197195e-09 8.5120234e-07 1.4597284e-05]
Label: dasani    Predictions: [8.3854282e-01 6.9510834e-06 9.2699595e-02 5.3506927e-05 6.5307453e-02
 1.9627636e-07 1.1020637e-06 3.0435591e-05 3.3532258e-03 4.6284640e-06]
Label: dasani    Predictions: [2.0590825e-01 1.5247196e-03 4.4274551e-01 1.0396214e-02 1.5815835e-01
 1.3630233e-03 5.3054112e-04 9.9782512e-02 7.9327054e-02 2.6382293e-04]
Label: dasani    Predictions: [7.43824065e-01 2.62958711e-05 1.25608444e-01 2.40524809e-04
 1.24277435e-01 9.71378995e-07 5.94376525e-06 2.82509282e-04
 5.72299398e-03 1.08189679e-05]
Label: dasani    Predictions: [8.2209256e-13 5.4774190e-15 1.0000000e+00 2.0100344e-09 1.1124137e-09
 1.6078809e-10 2.3553215e-09 1.1852865e-12 1.5264790e-08 1.9058056e-08]
Label: dasani    Predictions: [1.73648093e-02 8.73889192e-04 6.79850399e-01 8.11470789e-04
 1.08074784e-01 1.87012786e-03 1.91060721e-03 2.52567753e-02
 1.63816243e-01 1.70861065e-04]
Label: dasani    Predictions: [2.3831319e-11 1.7861236e-14 9.9999964e-01 1.0957151e-08 3.3102911e-08
 1.7780486e-09 6.3374976e-09 1.2075213e-11 3.5529501e-07 3.0664278e-08]
Label: dasani    Predictions: [7.1892337e-08 3.5587147e-10 9.9796426e-01 8.7169201e-06 5.5390578e-06
 3.1555740e-07 1.7782050e-04 8.2209050e-07 1.0382200e-03 8.0417807e-04]
Label: dasani    Predictions: [8.0152012e-02 2.3806635e-03 6.2654519e-01 2.1944190e-03 1.8883175e-01
 1.1706470e-03 1.1198444e-03 4.9959708e-02 4.7436602e-02 2.0919822e-04]
Label: dasani    Predictions: [9.5191077e-12 1.4499971e-14 9.9999988e-01 2.2253079e-09 9.6182049e-09
 1.0082161e-11 3.3740044e-08 3.6253815e-12 1.0688199e-07 2.1144730e-08]
Label: dasani    Predictions: [3.5430936e-10 2.5945791e-12 9.9999642e-01 9.9099466e-08 5.0406090e-08
 3.5125267e-09 7.4486672e-07 1.7186607e-09 2.1894168e-06 4.6862041e-07]
Label: dasani    Predictions: [1.9433754e-12 6.8819991e-15 9.9999988e-01 4.4410617e-09 3.6534518e-09
 2.3908142e-10 1.9673139e-09 2.6704472e-12 3.8960827e-08 2.8515823e-08]
Label: dasani    Predictions: [1.7804185e-12 7.7126212e-15 9.9999988e-01 2.1975206e-09 2.3134026e-09
 5.2602056e-10 2.9178793e-09 1.4471524e-12 5.4693366e-08 3.8681382e-08]
Label: dasani    Predictions: [8.0570459e-01 3.0653930e-06 1.7777643e-01 5.7711015e-05 1.4029395e-02
 2.1763574e-07 2.9055607e-07 7.7272825e-06 2.4131129e-03 7.4514378e-06]
Label: dasani    Predictions: [6.5371966e-01 3.1214367e-04 1.9898592e-01 5.0118309e-04 1.3148405e-01
 9.9402132e-06 4.8249356e-05 5.1373569e-04 1.4402695e-02 2.2462829e-05]
Label: dasani    Predictions: [7.4320877e-01 3.3957930e-03 1.9000439e-01 1.0874209e-03 5.0237019e-02
 7.6297321e-05 4.0528663e-05 8.4156208e-03 3.3605085e-03 1.7363642e-04]
Label: glue    Predictions: [4.2716307e-05 1.1859635e-03 8.5155307e-08 9.9816918e-01 1.4118211e-06
 5.8728852e-04 2.5115035e-06 4.1638772e-09 7.8263321e-07 9.9753479e-06]
Label: glue    Predictions: [5.6033605e-04 8.6932465e-02 6.4757514e-06 9.1134340e-01 6.8567798e-04
 3.4050824e-04 7.9745718e-05 1.2625156e-06 1.3249367e-05 3.6792360e-05]
Label: glue    Predictions: [3.1728389e-10 1.2758056e-10 7.9767748e-10 9.9998975e-01 3.7796819e-09
 9.8883957e-06 1.0704402e-09 1.2176388e-12 3.1478703e-07 7.0629920e-09]
Label: glue    Predictions: [5.9379873e-10 1.4232047e-10 1.0207182e-09 9.9999189e-01 4.0277124e-09
 7.8016465e-06 1.4028789e-09 1.6990001e-12 3.9901653e-07 6.9304393e-09]
Label: glue    Predictions: [3.5640306e-09 5.0837929e-09 1.2321565e-09 9.9987006e-01 1.0806944e-08
 1.2868359e-04 2.0135755e-09 3.3279347e-12 8.9744594e-07 3.0977390e-07]
Label: glue    Predictions: [5.6219648e-04 7.3774729e-04 1.0595260e-06 9.9843782e-01 3.3770702e-05
 8.5418986e-05 7.2894891e-06 1.1280522e-06 1.6122398e-06 1.3188757e-04]
Label: glue    Predictions: [3.2243850e-07 8.9182095e-07 1.8998173e-04 9.8717016e-01 7.9400274e-07
 6.8267821e-03 5.4246900e-03 6.2286425e-08 2.5468715e-04 1.3164031e-04]
Label: glue    Predictions: [2.1877023e-04 2.3572879e-01 5.0209921e-05 7.5505251e-01 1.8697086e-04
 3.6331352e-03 4.8878547e-03 1.9140885e-05 1.1892811e-04 1.0369524e-04]
Label: glue    Predictions: [5.3875574e-05 2.7249232e-01 6.6150733e-06 7.2033221e-01 2.2823049e-04
 5.4741320e-03 1.2614295e-03 6.5549434e-06 1.7956956e-05 1.2668062e-04]
Label: glue    Predictions: [1.5615587e-03 4.4597900e-03 4.7681183e-06 9.9300486e-01 6.5497140e-04
 9.3996518e-05 3.1024028e-05 1.0662294e-05 2.8802733e-06 1.7550080e-04]
Label: glue    Predictions: [3.4660397e-03 3.7961829e-02 5.7221264e-06 9.5800239e-01 5.3510099e-05
 3.9800027e-04 1.0359278e-05 1.7652196e-06 5.1516458e-06 9.5249256e-05]
Label: glue    Predictions: [1.1850125e-05 2.6959906e-04 8.1175830e-07 9.8993051e-01 2.2641900e-05
 9.6211834e-03 3.3999797e-05 8.6884793e-09 2.2859864e-05 8.6547800e-05]
Label: glue    Predictions: [5.4889824e-07 1.7615294e-07 1.6131940e-08 9.9646437e-01 9.6208851e-07
 3.5067399e-03 2.7948488e-07 2.4576016e-10 7.0170986e-06 1.9949726e-05]
Label: glue    Predictions: [2.2022219e-08 4.7027280e-09 1.7418144e-07 9.9441779e-01 7.5580374e-08
 5.5664866e-03 1.5728209e-07 6.5235117e-10 1.5079827e-05 3.6467736e-07]
Label: glue    Predictions: [3.0470706e-11 4.9588697e-12 1.7016709e-09 9.9979311e-01 1.3239861e-10
 2.0524222e-04 6.8121286e-10 3.0382638e-13 1.6166575e-06 1.5820868e-08]
Label: glue    Predictions: [2.5006727e-04 1.0864065e-02 9.3379697e-07 9.8856431e-01 1.0719251e-05
 2.6948337e-04 1.3110280e-06 5.7914097e-08 1.3326976e-06 3.7650923e-05]
Label: glue    Predictions: [5.0539267e-04 5.1846034e-03 4.1543865e-07 9.9329984e-01 9.2429600e-06
 8.7120559e-04 4.8812162e-06 4.0767439e-08 1.6055531e-06 1.2273138e-04]
Label: glue    Predictions: [5.9735705e-04 8.6690903e-02 4.2209749e-06 9.1232705e-01 1.9617868e-04
 1.2022748e-04 2.6268926e-05 6.9114611e-07 3.5168221e-06 3.3572524e-05]
Label: glue    Predictions: [3.14551940e-09 3.14591508e-09 2.24664121e-10 9.99876857e-01
 9.23631216e-09 1.22482001e-04 1.42185330e-09 2.50190819e-12
 5.24458528e-07 1.01174244e-07]
Label: glue    Predictions: [9.7155917e-10 6.8029571e-10 5.7377213e-07 9.9933666e-01 2.7887785e-09
 6.2476296e-04 6.7109494e-07 1.1677088e-10 3.5998593e-05 1.2765494e-06]
Label: spray_bottle    Predictions: [5.08106023e-04 1.44525636e-08 1.01859205e-05 2.54181323e-05
 9.99369681e-01 1.25180022e-09 8.44799217e-08 1.78046786e-08
 8.55696635e-05 9.37119353e-07]
Label: spray_bottle    Predictions: [1.9272157e-03 4.7917410e-06 9.4848845e-05 2.4952107e-05 9.9208027e-01
 1.6051847e-05 4.4824255e-06 5.3018858e-03 5.0780020e-04 3.7714661e-05]
Label: spray_bottle    Predictions: [3.7949966e-04 1.3966643e-07 5.6888861e-05 9.7032637e-07 9.9947864e-01
 5.1595087e-08 5.2236163e-07 4.0596265e-07 8.2423525e-05 5.3534103e-07]
Label: spray_bottle    Predictions: [5.1518376e-03 1.5471481e-06 3.0498675e-05 9.4751325e-05 9.9468297e-01
 1.5279622e-07 2.4438575e-07 8.4446538e-07 3.0038294e-05 7.2520329e-06]
Label: spray_bottle    Predictions: [1.9121772e-04 5.6230340e-11 1.9554045e-07 2.3994312e-07 9.9980146e-01
 2.4802725e-12 9.8394681e-11 1.3369826e-10 6.8073937e-06 1.4821272e-07]
Label: spray_bottle    Predictions: [6.5345462e-06 1.4037764e-09 9.7960256e-06 2.6979100e-08 9.9993348e-01
 6.9253043e-09 1.2622271e-08 4.5627206e-05 4.3527093e-06 1.6907251e-07]
Label: spray_bottle    Predictions: [2.2910561e-05 1.4089951e-08 1.6057729e-05 2.2068534e-07 9.9993575e-01
 2.1966684e-08 9.3374567e-08 3.8724966e-06 2.0879646e-05 1.9139276e-07]
Label: spray_bottle    Predictions: [1.4167352e-05 2.7835261e-09 1.1153241e-05 1.5065945e-07 9.9996328e-01
 4.6506323e-09 4.3521748e-08 4.6575146e-06 6.2108870e-06 3.1293791e-07]
Label: spray_bottle    Predictions: [4.4803543e-05 3.5799015e-08 5.0616731e-05 4.5394611e-07 9.9982858e-01
 1.0481754e-07 3.8900566e-07 9.7856093e-07 7.3332856e-05 6.4384079e-07]
Label: spray_bottle    Predictions: [6.1356377e-06 2.1488749e-08 1.1153423e-05 2.0241744e-07 9.9959630e-01
 2.8781185e-08 1.2071881e-08 3.7449464e-04 9.1503689e-06 2.5279448e-06]
Label: spray_bottle    Predictions: [1.04553595e-01 1.36320950e-05 1.14348324e-04 2.51477104e-05
 8.92537117e-01 4.51462824e-07 2.42496640e-06 2.63177417e-03
 1.09793145e-04 1.16916826e-05]
Label: spray_bottle    Predictions: [8.8021690e-03 4.2970953e-08 2.4446748e-05 4.2119254e-06 9.9115729e-01
 1.1229325e-09 5.8562373e-09 6.0839278e-07 9.0912099e-06 2.1600993e-06]
Label: spray_bottle    Predictions: [1.9121772e-04 5.6230340e-11 1.9554045e-07 2.3994312e-07 9.9980146e-01
 2.4802725e-12 9.8394681e-11 1.3369826e-10 6.8073937e-06 1.4821272e-07]
Label: spray_bottle    Predictions: [4.0073302e-02 7.9507947e-07 6.4976288e-05 1.7853847e-05 9.5979846e-01
 1.5575853e-08 9.0726267e-08 1.8994122e-05 2.1270949e-05 4.1980798e-06]
Label: spray_bottle    Predictions: [1.4227433e-02 4.6799357e-08 1.2378483e-05 1.7142404e-04 9.8539364e-01
 5.0384483e-09 3.2312148e-08 2.6402100e-08 1.8904847e-04 5.8978480e-06]
Label: spray_bottle    Predictions: [1.4500144e-04 3.1178447e-06 2.3034709e-06 1.0470189e-04 9.9969018e-01
 4.9808028e-07 2.0654404e-06 2.6110688e-06 4.7031182e-05 2.5661300e-06]
Label: spray_bottle    Predictions: [2.0245168e-02 1.6693473e-07 8.0528362e-06 1.8411667e-04 9.7937441e-01
 5.3560896e-08 4.7189946e-08 3.9440275e-07 1.5882963e-04 2.8803986e-05]
Label: spray_bottle    Predictions: [2.86196646e-05 1.39824692e-07 8.65891416e-05 1.01777471e-06
 9.98831213e-01 1.70401407e-07 1.16991586e-07 8.38869950e-04
 1.97652611e-04 1.57636259e-05]
Label: spray_bottle    Predictions: [5.4819598e-06 1.0304374e-08 1.2741370e-05 7.8032812e-08 9.9988377e-01
 2.1631434e-08 1.5906755e-08 9.5079929e-05 2.3806676e-06 3.4853016e-07]
Label: spray_bottle    Predictions: [1.8519213e-03 4.2296488e-05 1.5318985e-04 1.7744143e-05 3.0655682e-01
 7.9430465e-06 3.6494287e-06 6.9112647e-01 2.1584819e-04 2.4113100e-05]
Label: toothbrushes    Predictions: [1.1330801e-10 3.6414641e-10 8.5426590e-09 1.9695994e-05 3.0606837e-09
 9.9994481e-01 3.2661825e-05 4.4339487e-11 1.2442174e-06 1.5627130e-06]
Label: toothbrushes    Predictions: [1.6015668e-11 5.6954996e-11 8.7659507e-10 5.0427279e-06 2.6938260e-10
 9.9998546e-01 9.0167059e-06 5.3793315e-12 6.6917892e-08 4.2137199e-07]
Label: toothbrushes    Predictions: [8.1091809e-12 2.5178795e-11 2.2274205e-09 3.8719095e-06 2.8572769e-10
 9.9999309e-01 2.5788595e-06 7.4977600e-13 2.1815757e-07 2.0120802e-07]
Label: toothbrushes    Predictions: [6.5024865e-09 5.7410371e-10 2.1836590e-07 8.3233808e-06 1.4000076e-08
 9.9997962e-01 9.9883991e-08 1.1699307e-08 1.0353459e-05 1.3325412e-06]
Label: toothbrushes    Predictions: [7.19929760e-09 3.05032111e-10 1.96022299e-07 7.47472495e-06
 8.14720558e-09 9.99979496e-01 6.61149215e-08 1.20822232e-08
 1.21038065e-05 6.84819611e-07]
Label: toothbrushes    Predictions: [1.5281501e-08 1.6969779e-09 3.0236964e-07 1.5050273e-05 2.6625000e-07
 9.9985993e-01 1.7958855e-07 4.4145253e-08 1.1519516e-04 8.9605610e-06]
Label: toothbrushes    Predictions: [1.5244889e-07 1.5591466e-08 5.1156326e-07 1.4457225e-03 1.7511887e-07
 9.9815291e-01 2.0529692e-06 1.4956235e-08 6.9136207e-05 3.2933312e-04]
Label: toothbrushes    Predictions: [1.0394216e-06 1.5428105e-06 3.8386454e-05 7.5869400e-05 5.0865285e-05
 9.9887794e-01 7.5736956e-05 2.1308791e-05 8.1272068e-04 4.4669170e-05]
Label: toothbrushes    Predictions: [7.1821504e-09 7.7394397e-08 1.3854452e-07 4.7704738e-02 3.6405922e-08
 9.5212871e-01 2.6937538e-05 5.3898497e-10 1.1629805e-05 1.2786583e-04]
Label: toothbrushes    Predictions: [2.3804511e-10 1.8424838e-09 5.4946241e-08 3.2126030e-04 2.9336764e-08
 9.9956983e-01 2.1481063e-05 1.5103137e-09 2.6497102e-05 6.0808670e-05]
Label: toothbrushes    Predictions: [7.19929760e-09 3.05032111e-10 1.96022299e-07 7.47472495e-06
 8.14720558e-09 9.99979496e-01 6.61149215e-08 1.20822232e-08
 1.21038065e-05 6.84819611e-07]
Label: toothbrushes    Predictions: [2.46612245e-07 2.40095829e-07 9.65354729e-07 1.29523789e-04
 5.78004938e-06 9.99645114e-01 1.15649061e-06 7.30084082e-07
 2.05476026e-04 1.07401565e-05]
Label: toothbrushes    Predictions: [7.19929760e-09 3.05032111e-10 1.96022299e-07 7.47472495e-06
 8.14720558e-09 9.99979496e-01 6.61149215e-08 1.20822232e-08
 1.21038065e-05 6.84819611e-07]
Label: toothbrushes    Predictions: [1.1769153e-08 5.1133862e-09 5.2083200e-05 1.0543420e-03 2.1466162e-06
 9.9379563e-01 2.5996493e-04 1.0438068e-09 2.9846907e-04 4.5374152e-03]
Label: toothbrushes    Predictions: [7.3112410e-08 2.4525992e-09 4.0491940e-07 6.7373170e-05 4.9166491e-08
 9.9983692e-01 2.3142702e-07 7.9120444e-09 4.3110846e-05 5.1927273e-05]
Label: toothbrushes    Predictions: [2.9297188e-12 3.1566835e-12 4.0293449e-11 1.2725428e-07 8.3372094e-12
 9.9999952e-01 3.4073105e-07 3.6817186e-13 2.5503544e-09 5.0577384e-08]
Label: toothbrushes    Predictions: [6.9967787e-10 2.1542296e-10 5.1138691e-06 3.1585415e-04 5.0259164e-08
 9.9884605e-01 3.7288355e-05 6.7589219e-11 4.7477970e-05 7.4819667e-04]
Label: toothbrushes    Predictions: [2.0656314e-08 2.5307100e-08 9.6899923e-05 2.6309427e-03 3.1671518e-06
 9.8238903e-01 6.7206955e-04 1.9050796e-09 5.9186894e-04 1.3616070e-02]
Label: toothbrushes    Predictions: [3.1301536e-10 1.1113366e-10 5.5861857e-09 3.1434301e-06 7.3180390e-10
 9.9996054e-01 1.9661340e-05 7.3072118e-11 4.1536452e-07 1.6303586e-05]
Label: toothbrushes    Predictions: [6.2435140e-12 8.0238680e-12 1.4065503e-10 1.9331043e-07 2.2117792e-11
 9.9999869e-01 9.0846464e-07 2.4190324e-12 1.0145553e-08 1.3318368e-07]
Label: toothpaste    Predictions: [1.45499125e-11 1.88015594e-08 6.14407583e-08 1.96420640e-08
 7.96926969e-09 1.10613712e-07 9.99999762e-01 5.78960702e-09
 3.15309201e-08 2.16837233e-08]
Label: toothpaste    Predictions: [4.3362570e-11 3.7148716e-08 8.2698953e-08 4.0583751e-07 6.1039358e-08
 3.2411316e-07 9.9999893e-01 3.8074730e-09 1.7783104e-07 2.1072358e-08]
Label: toothpaste    Predictions: [4.1711595e-10 5.4704161e-09 3.2882705e-05 2.4052383e-07 5.9893332e-06
 2.8146889e-05 9.9993074e-01 9.7917285e-10 2.0077619e-06 5.1781036e-08]
Label: toothpaste    Predictions: [4.1711595e-10 5.4704161e-09 3.2882705e-05 2.4052383e-07 5.9893332e-06
 2.8146889e-05 9.9993074e-01 9.7917285e-10 2.0077619e-06 5.1781036e-08]
Label: toothpaste    Predictions: [1.0633703e-09 2.3168754e-09 9.3457937e-05 2.4920345e-07 7.9630763e-06
 9.0690974e-06 9.9985397e-01 6.9249122e-09 3.5273268e-05 6.3938572e-08]
Label: toothpaste    Predictions: [1.5519820e-08 1.2694352e-09 4.9370760e-04 1.9936872e-06 2.9614730e-05
 1.5861513e-05 9.9897420e-01 5.8709205e-08 4.8384251e-04 7.7267498e-07]
Label: toothpaste    Predictions: [3.8754777e-09 2.2552085e-07 2.5349259e-06 3.8980704e-07 2.5531122e-06
 1.0428347e-04 9.9988008e-01 1.5783213e-06 6.8779518e-06 1.5349170e-06]
Label: toothpaste    Predictions: [3.6553809e-09 2.4450753e-09 1.4146781e-04 7.3898781e-07 2.2084992e-05
 1.9578949e-05 9.9938536e-01 1.5130050e-08 4.3029839e-04 4.1548208e-07]
Label: toothpaste    Predictions: [3.6091033e-10 7.1129778e-09 2.8641925e-05 2.7383328e-07 5.8290238e-06
 3.0503217e-05 9.9993324e-01 7.2844586e-10 1.3949849e-06 4.6628141e-08]
Label: toothpaste    Predictions: [6.4452738e-10 5.8944831e-09 9.0340771e-05 1.5677774e-07 1.2479176e-05
 1.2565182e-05 9.9987829e-01 9.6690622e-10 6.1091168e-06 3.7303629e-08]
Label: toothpaste    Predictions: [4.1711595e-10 5.4704161e-09 3.2882705e-05 2.4052383e-07 5.9893332e-06
 2.8146889e-05 9.9993074e-01 9.7917285e-10 2.0077619e-06 5.1781036e-08]
Label: toothpaste    Predictions: [1.2259550e-06 1.2932220e-07 4.5154160e-05 4.1810628e-03 5.9690131e-03
 1.8943623e-02 1.9326809e-01 1.6082954e-06 7.7224004e-01 5.3500272e-03]
Label: toothpaste    Predictions: [4.0850919e-06 2.0451969e-05 7.1675946e-05 4.9169275e-01 4.3513312e-05
 1.2858729e-01 3.4790587e-01 6.4098458e-06 4.9423357e-03 2.6725642e-02]
Label: toothpaste    Predictions: [4.1711595e-10 5.4704161e-09 3.2882705e-05 2.4052383e-07 5.9893332e-06
 2.8146889e-05 9.9993074e-01 9.7917285e-10 2.0077619e-06 5.1781036e-08]
Label: toothpaste    Predictions: [6.0013812e-12 3.9513179e-09 8.0345671e-08 1.1183411e-08 1.8403089e-08
 4.2412740e-08 9.9999976e-01 2.1654325e-09 4.1410974e-08 1.2604029e-08]
Label: toothpaste    Predictions: [1.2002148e-10 3.2490313e-08 3.5669291e-07 2.1260772e-07 8.7800522e-08
 1.2006673e-06 9.9999726e-01 8.4982679e-09 7.6852598e-07 8.5302318e-08]
Label: toothpaste    Predictions: [3.6308687e-10 4.2198867e-08 3.3987146e-07 4.2208791e-07 1.8716680e-07
 9.0229591e-08 9.9999881e-01 1.0081011e-08 5.8330205e-08 1.0468787e-08]
Label: toothpaste    Predictions: [5.3710175e-11 6.9821113e-09 3.0876595e-07 4.1268361e-08 4.5044164e-08
 6.6881978e-07 9.9999845e-01 7.9356024e-09 4.6822197e-07 3.2343817e-08]
Label: toothpaste    Predictions: [3.16473869e-09 5.62197556e-07 1.71549715e-07 8.08733057e-06
 2.21052602e-07 1.56872844e-07 9.99990702e-01 1.38268597e-08
 1.15865639e-07 1.10822995e-08]
Label: toothpaste    Predictions: [4.7434773e-07 8.1022811e-04 2.8108852e-06 1.0731102e-04 2.5237508e-05
 9.0888034e-06 9.9901998e-01 2.1576905e-05 1.2510216e-06 2.1026913e-06]
Label: watermelon    Predictions: [1.8265355e-06 3.5196042e-08 3.4496847e-07 2.6365483e-09 4.8010033e-06
 1.4514270e-08 5.9180727e-09 9.9999273e-01 5.4181818e-08 1.4755588e-07]
Label: watermelon    Predictions: [3.2915948e-05 8.5602733e-07 1.9192773e-06 1.1369318e-07 2.5080497e-05
 3.2944180e-07 3.3769098e-07 9.9993515e-01 1.0574530e-06 2.2737793e-06]
Label: watermelon    Predictions: [6.3999846e-06 4.6068288e-07 6.5504219e-07 1.6392095e-08 3.1938551e-05
 1.6375382e-07 2.1376252e-07 9.9995923e-01 3.2886993e-07 6.3296375e-07]
Label: watermelon    Predictions: [1.3069866e-02 7.1256662e-05 1.5239857e-04 1.2005170e-04 1.5983949e-03
 5.9491990e-04 9.6908352e-06 9.8410285e-01 4.4403670e-05 2.3607802e-04]
Label: watermelon    Predictions: [1.4410284e-04 2.6911337e-07 2.4236356e-04 1.5013861e-06 6.3643424e-04
 5.2302826e-06 7.2986057e-07 9.9889696e-01 1.7079961e-06 7.0657050e-05]
Label: watermelon    Predictions: [1.4410284e-04 2.6911337e-07 2.4236356e-04 1.5013861e-06 6.3643424e-04
 5.2302826e-06 7.2986057e-07 9.9889696e-01 1.7079961e-06 7.0657050e-05]
Label: watermelon    Predictions: [1.1648141e-05 9.5136009e-08 3.3941481e-07 7.4933890e-09 3.5967171e-06
 4.3719321e-08 1.6683575e-08 9.9998379e-01 8.3613330e-08 4.0865956e-07]
Label: watermelon    Predictions: [1.7214689e-04 1.3923406e-06 1.5789855e-04 6.0667280e-06 8.3379977e-04
 9.3352959e-05 3.0791866e-06 9.9861276e-01 8.3761006e-06 1.1114341e-04]
Label: watermelon    Predictions: [1.8060808e-06 3.7273480e-08 2.8481804e-07 2.3235174e-09 4.6458790e-06
 1.3341726e-08 4.9019997e-09 9.9999297e-01 4.5918664e-08 1.4419346e-07]
Label: watermelon    Predictions: [1.1288987e-03 3.4384295e-06 1.4222322e-05 1.1727420e-06 6.4213609e-04
 1.1305652e-06 2.8293866e-06 9.9817646e-01 1.5872323e-05 1.3894546e-05]
Label: watermelon    Predictions: [1.8265355e-06 3.5196042e-08 3.4496847e-07 2.6365483e-09 4.8010033e-06
 1.4514270e-08 5.9180727e-09 9.9999273e-01 5.4181818e-08 1.4755588e-07]
Label: watermelon    Predictions: [1.6721454e-03 3.3620629e-05 4.7441860e-04 2.0169588e-04 7.7197650e-03
 2.5375898e-03 2.9725625e-04 9.8583478e-01 2.6808374e-04 9.6073118e-04]
Label: watermelon    Predictions: [2.7664395e-03 1.8282974e-05 4.7609070e-04 4.5620360e-05 5.9611406e-03
 2.8740987e-04 1.4737446e-04 9.9005508e-01 1.9010884e-05 2.2350567e-04]
Label: watermelon    Predictions: [1.7947663e-03 9.9304212e-05 1.4621351e-04 1.4579856e-04 1.0874089e-03
 1.5443960e-03 1.5109872e-04 9.9446672e-01 9.0389840e-05 4.7389831e-04]
Label: watermelon    Predictions: [1.2889960e-04 4.2973679e-07 5.4142591e-05 6.3129693e-07 2.4482180e-04
 5.7813095e-06 7.2961535e-07 9.9946648e-01 6.5215540e-06 9.1676397e-05]
Label: watermelon    Predictions: [2.0081765e-04 6.8448935e-07 3.0162721e-04 2.6390287e-06 1.0755506e-03
 1.7569724e-05 2.4764227e-06 9.9829704e-01 4.2040288e-06 9.7388511e-05]
Label: watermelon    Predictions: [1.29781095e-02 1.79355229e-05 1.24702119e-05 3.26715190e-06
 6.89394656e-04 5.72533099e-06 1.94684981e-06 9.86266732e-01
 6.15480258e-06 1.81823852e-05]
Label: watermelon    Predictions: [1.6144531e-05 1.1425318e-06 2.2218840e-06 4.5894762e-08 1.7428471e-05
 4.0881571e-07 2.4519272e-07 9.9996054e-01 1.1946372e-06 5.9777534e-07]
Label: watermelon    Predictions: [2.0932137e-04 4.5319197e-07 2.0189618e-05 2.9991861e-07 4.2585303e-05
 1.9639933e-06 2.8868760e-07 9.9968517e-01 1.0615915e-06 3.8768150e-05]
Label: watermelon    Predictions: [7.2149112e-04 5.1646425e-06 4.4597924e-05 3.6335805e-07 4.6045176e-04
 2.1454641e-06 3.9864267e-06 9.9873811e-01 1.7035905e-05 6.7507294e-06]
Label: wipes    Predictions: [3.5611468e-08 3.9438019e-11 2.9625326e-06 1.6273696e-05 5.4982556e-06
 1.6207475e-06 5.0002609e-07 6.3042297e-12 9.9972767e-01 2.4540827e-04]
Label: wipes    Predictions: [7.1005750e-11 1.6252686e-15 4.6317572e-09 6.7405944e-07 4.5846291e-09
 2.1152318e-06 1.2031091e-11 1.0744394e-12 9.9999726e-01 1.6296635e-08]
Label: wipes    Predictions: [3.4291591e-13 7.8390621e-15 8.4144006e-08 2.8007225e-08 6.8990169e-10
 2.1572214e-07 2.5616096e-09 1.6473014e-12 9.9999905e-01 6.2417939e-07]
Label: wipes    Predictions: [5.1751100e-11 2.9703575e-12 5.1142484e-05 4.2503516e-06 6.6915455e-08
 2.2459009e-05 2.2872955e-06 1.1665677e-09 9.9952960e-01 3.9025658e-04]
Label: wipes    Predictions: [5.7536814e-10 4.2864312e-09 1.6085345e-05 3.8757661e-04 5.2909269e-07
 3.2095306e-02 1.7853246e-05 3.1024697e-10 9.5217907e-01 1.5303604e-02]
Label: wipes    Predictions: [5.1356319e-11 9.2252204e-13 1.3554456e-06 5.7218733e-07 1.9700461e-09
 4.5059278e-06 1.0831348e-08 6.6648145e-11 9.9999332e-01 2.6788103e-07]
Label: wipes    Predictions: [1.6306723e-07 7.0781275e-10 4.1619322e-05 5.1932244e-07 3.3142536e-05
 5.8052797e-07 4.7729420e-03 3.0188107e-07 9.8960263e-01 5.5481186e-03]
Label: wipes    Predictions: [2.1112508e-13 4.0111249e-15 4.9021839e-08 1.8672184e-08 8.1088231e-10
 7.4653208e-08 2.7603317e-09 7.1297466e-13 9.9999940e-01 4.7092098e-07]
Label: wipes    Predictions: [2.2220305e-13 3.9857318e-16 7.0781314e-09 2.4070891e-08 1.2700161e-07
 2.4324580e-09 6.9193047e-11 7.6375275e-15 9.9999666e-01 3.1919512e-06]
Label: wipes    Predictions: [1.4710109e-13 2.5049777e-16 1.2951035e-09 4.0184812e-08 5.4475819e-08
 3.3873144e-09 3.8686224e-11 5.5237217e-15 9.9999881e-01 1.1191039e-06]
Label: wipes    Predictions: [8.7863924e-08 1.7019138e-08 2.7332482e-05 3.6442214e-07 2.9371193e-05
 3.2998785e-06 4.9742148e-04 5.8370159e-07 9.9917454e-01 2.6689845e-04]
Label: wipes    Predictions: [6.1564069e-09 8.3584034e-10 6.8165566e-04 1.6685790e-05 5.1278766e-06
 5.2888041e-05 8.6780445e-04 1.3373108e-07 9.9722737e-01 1.1482933e-03]
Label: wipes    Predictions: [3.9798460e-14 1.8575416e-17 3.3045669e-10 8.6933358e-09 7.5690529e-09
 2.7849861e-10 2.1966875e-12 1.6707275e-16 9.9999988e-01 9.7471336e-08]
Label: wipes    Predictions: [2.3532928e-10 9.0987027e-13 2.2726802e-08 6.1596070e-06 3.8281261e-08
 1.2757229e-06 1.3391855e-08 2.3730586e-13 9.9980646e-01 1.8604865e-04]
Label: wipes    Predictions: [5.1838134e-10 8.1336138e-10 1.8970006e-06 4.0371003e-08 1.5328397e-06
 7.8533498e-07 4.6219624e-04 2.7013221e-09 9.9926990e-01 2.6357299e-04]
Label: wipes    Predictions: [1.06803624e-13 4.86134821e-19 4.71350070e-10 1.38841971e-09
 2.99439806e-10 9.25272914e-11 4.45866183e-14 4.24267190e-17
 1.00000000e+00 1.59828755e-08]
Label: wipes    Predictions: [6.5577960e-12 1.6362352e-13 1.4188778e-06 1.8203616e-07 2.0180739e-09
 4.5454584e-07 6.0934362e-08 3.0435120e-11 9.9987376e-01 1.2411013e-04]
Label: wipes    Predictions: [3.2127046e-13 5.1625425e-16 3.4535977e-10 8.6537462e-09 2.4900251e-10
 4.0311551e-10 8.2308440e-12 5.2037893e-15 9.9999976e-01 2.2116362e-07]
Label: wipes    Predictions: [1.9231921e-09 2.3365468e-11 8.2907962e-07 2.9313014e-07 8.2893372e-08
 5.9943977e-07 7.9342726e-06 4.1355974e-10 9.9994004e-01 5.0173603e-05]
Label: wipes    Predictions: [2.1112508e-13 4.0111249e-15 4.9021839e-08 1.8672184e-08 8.1088231e-10
 7.4653208e-08 2.7603317e-09 7.1297466e-13 9.9999940e-01 4.7092098e-07]
Label: zoink    Predictions: [8.2040819e-14 1.5615658e-17 3.9357012e-10 1.0125913e-10 6.6118437e-11
 8.8233712e-08 2.0235560e-12 3.4521587e-12 6.2705235e-10 9.9999988e-01]
Label: zoink    Predictions: [3.08309517e-10 2.76451849e-13 4.12768806e-08 7.24418328e-07
 3.93494837e-09 9.45835291e-06 1.07215495e-11 1.15852597e-12
 6.53695242e-05 9.99924421e-01]
Label: zoink    Predictions: [9.1396633e-11 2.4098170e-15 8.3918357e-09 6.6512101e-10 3.9637351e-09
 1.6384672e-07 1.7392225e-11 1.7051340e-11 2.1110345e-09 9.9999988e-01]
Label: zoink    Predictions: [1.1696559e-11 5.6797498e-16 1.2741515e-08 5.0440258e-10 6.3923800e-10
 1.7832608e-07 1.1528081e-10 3.6335934e-11 3.4295022e-09 9.9999976e-01]
Label: zoink    Predictions: [5.7641882e-05 9.6102959e-10 5.8794522e-04 5.0475874e-06 1.2638877e-06
 3.2313958e-06 4.5131753e-07 8.7736467e-08 2.3115799e-06 9.9934202e-01]
Label: zoink    Predictions: [9.90523202e-13 1.17973095e-16 1.23522981e-09 1.69086217e-10
 3.80235635e-11 1.03128706e-07 2.16468640e-12 2.24463330e-11
 1.05382902e-09 9.99999881e-01]
Label: zoink    Predictions: [5.5812470e-06 3.8882994e-11 8.5906293e-05 1.8989137e-07 2.4424659e-07
 3.3091627e-07 2.4708690e-08 7.6425355e-09 6.0305240e-07 9.9990714e-01]
Label: zoink    Predictions: [3.8004944e-10 7.0349957e-15 6.3277996e-09 1.2793624e-09 1.7242978e-09
 1.5392827e-07 1.0912816e-11 3.3021960e-11 4.1746100e-09 9.9999988e-01]
Label: zoink    Predictions: [5.8777505e-13 1.6251538e-16 1.8336670e-10 8.7575475e-11 1.9701466e-11
 3.3402131e-07 5.4003872e-13 2.8004673e-12 2.9618166e-09 9.9999964e-01]
Label: zoink    Predictions: [1.1000838e-09 9.0932519e-13 1.2545752e-07 2.3979089e-06 1.3419823e-08
 4.6560788e-05 2.3390873e-11 2.1391504e-12 1.7534997e-04 9.9977559e-01]
Label: zoink    Predictions: [1.9181446e-11 1.7278930e-14 6.4002950e-09 1.0052613e-08 3.3653719e-10
 9.9190465e-06 2.6200320e-12 2.9181423e-13 1.0095279e-06 9.9998915e-01]
Label: zoink    Predictions: [6.47949402e-12 4.44840475e-16 8.17506507e-09 3.18487070e-10
 1.14579804e-10 3.96583992e-08 3.27901178e-11 3.66973535e-11
 4.71360895e-10 1.00000000e+00]
Label: zoink    Predictions: [9.90523202e-13 1.17973095e-16 1.23522981e-09 1.69086217e-10
 3.80235635e-11 1.03128706e-07 2.16468640e-12 2.24463330e-11
 1.05382902e-09 9.99999881e-01]
Label: zoink    Predictions: [9.90523202e-13 1.17973095e-16 1.23522981e-09 1.69086217e-10
 3.80235635e-11 1.03128706e-07 2.16468640e-12 2.24463330e-11
 1.05382902e-09 9.99999881e-01]
Label: zoink    Predictions: [3.8004944e-10 7.0349957e-15 6.3277996e-09 1.2793624e-09 1.7242978e-09
 1.5392827e-07 1.0912816e-11 3.3021960e-11 4.1746100e-09 9.9999988e-01]
Label: zoink    Predictions: [5.7759115e-07 5.9370751e-12 3.6864144e-06 1.5011308e-08 1.3773106e-07
 1.3613339e-08 1.5407586e-08 5.0722937e-09 1.3865089e-08 9.9999559e-01]
Label: zoink    Predictions: [1.2470434e-11 9.4715277e-16 1.5284773e-08 7.3736423e-10 3.5187664e-10
 2.1047603e-07 9.7660068e-11 5.4155871e-11 2.2697089e-09 9.9999976e-01]
Label: zoink    Predictions: [1.14886829e-10 4.49244896e-14 7.64228325e-09 4.66813574e-08
 2.77379164e-09 1.65167489e-06 2.70908955e-11 1.07454386e-10
 2.55719669e-07 9.99998093e-01]
Label: zoink    Predictions: [2.8235006e-10 1.0969119e-14 1.6311727e-08 1.4096999e-09 1.6392029e-09
 3.2456279e-07 2.5408564e-10 4.3788216e-11 2.5967797e-09 9.9999964e-01]
Label: zoink    Predictions: [1.8724329e-08 3.1696160e-10 6.5245627e-07 8.6803608e-05 5.1237333e-07
 2.0421320e-04 1.0112815e-08 2.3149378e-09 9.3372837e-05 9.9961436e-01]
