Label: climbing_hold    Predictions: [1. 0. 0. 0. 0. 0. 0. 0. 0. 0.]
Label: climbing_hold    Predictions: [1.000000e+00 0.000000e+00 0.000000e+00 6.943494e-30 0.000000e+00
 0.000000e+00 0.000000e+00 6.289705e-35 0.000000e+00 8.908039e-38]
Label: climbing_hold    Predictions: [1.0000000e+00 3.5858174e-35 3.3825038e-38 9.1378651e-27 3.4801968e-31
 6.3799003e-24 0.0000000e+00 1.2723361e-33 6.7206028e-38 1.1240730e-30]
Label: climbing_hold    Predictions: [1.0000000e+00 1.1429947e-30 1.6879079e-32 3.6728638e-23 6.1754896e-28
 8.7539093e-26 4.0818439e-35 1.7049854e-25 8.2452996e-35 4.0240864e-26]
Label: climbing_hold    Predictions: [1.0000000e+00 2.2609181e-34 9.6863561e-36 1.9868386e-18 5.3450184e-33
 2.1115064e-31 0.0000000e+00 1.4374216e-36 1.1934919e-38 8.2900633e-25]
Label: climbing_hold    Predictions: [1.0000000e+00 0.0000000e+00 0.0000000e+00 2.2930603e-30 0.0000000e+00
 0.0000000e+00 0.0000000e+00 0.0000000e+00 0.0000000e+00 4.0683506e-35]
Label: climbing_hold    Predictions: [1.0000000e+00 0.0000000e+00 0.0000000e+00 2.7385921e-27 1.2692545e-38
 1.7809219e-34 0.0000000e+00 1.9102630e-35 0.0000000e+00 5.2922160e-37]
Label: climbing_hold    Predictions: [1.000000e+00 0.000000e+00 0.000000e+00 3.064532e-32 0.000000e+00
 0.000000e+00 0.000000e+00 0.000000e+00 0.000000e+00 0.000000e+00]
Label: climbing_hold    Predictions: [1.000000e+00 0.000000e+00 0.000000e+00 4.107447e-34 0.000000e+00
 1.529964e-36 0.000000e+00 0.000000e+00 0.000000e+00 0.000000e+00]
Label: climbing_hold    Predictions: [1. 0. 0. 0. 0. 0. 0. 0. 0. 0.]
Label: climbing_hold    Predictions: [1.0000000e+00 0.0000000e+00 0.0000000e+00 3.4126608e-32 0.0000000e+00
 0.0000000e+00 0.0000000e+00 0.0000000e+00 0.0000000e+00 0.0000000e+00]
Label: climbing_hold    Predictions: [1. 0. 0. 0. 0. 0. 0. 0. 0. 0.]
Label: climbing_hold    Predictions: [1.0000000e+00 1.3691445e-30 5.3059958e-32 1.0489546e-23 3.2996322e-27
 3.6921842e-28 2.4812660e-35 5.0767079e-25 3.4958941e-33 7.5824984e-26]
Label: climbing_hold    Predictions: [1.0000000e+00 1.0325546e-37 0.0000000e+00 9.1210255e-31 4.2476672e-36
 2.0701408e-35 0.0000000e+00 5.5480624e-35 0.0000000e+00 1.8126679e-36]
Label: climbing_hold    Predictions: [1.0000000e+00 0.0000000e+00 0.0000000e+00 1.9595831e-33 0.0000000e+00
 5.9782027e-38 0.0000000e+00 0.0000000e+00 0.0000000e+00 0.0000000e+00]
Label: climbing_hold    Predictions: [1.000000e+00 0.000000e+00 0.000000e+00 4.395753e-33 0.000000e+00
 7.834494e-38 0.000000e+00 0.000000e+00 0.000000e+00 0.000000e+00]
Label: climbing_hold    Predictions: [1.0000000e+00 0.0000000e+00 0.0000000e+00 1.7886034e-32 0.0000000e+00
 7.2853003e-38 0.0000000e+00 0.0000000e+00 0.0000000e+00 0.0000000e+00]
Label: climbing_hold    Predictions: [1.0000000e+00 0.0000000e+00 0.0000000e+00 1.3490038e-29 0.0000000e+00
 0.0000000e+00 0.0000000e+00 0.0000000e+00 0.0000000e+00 1.0981441e-35]
Label: climbing_hold    Predictions: [1. 0. 0. 0. 0. 0. 0. 0. 0. 0.]
Label: climbing_hold    Predictions: [1.0000000e+00 0.0000000e+00 0.0000000e+00 3.6151545e-35 0.0000000e+00
 2.8709346e-38 0.0000000e+00 0.0000000e+00 0.0000000e+00 0.0000000e+00]
Label: clip    Predictions: [2.1719371e-15 1.0000000e+00 3.5763249e-19 1.0131155e-09 3.3879025e-15
 3.2067194e-12 8.1198001e-14 1.0313814e-15 1.5682766e-16 7.0046567e-15]
Label: clip    Predictions: [2.3898602e-08 9.9972564e-01 3.2421932e-09 3.1713436e-05 3.2078117e-07
 1.8297998e-05 2.2257243e-04 8.8199380e-07 2.8484905e-08 5.1347524e-07]
Label: clip    Predictions: [4.4416288e-13 1.0000000e+00 2.6346878e-16 5.2296572e-09 2.2910836e-12
 2.1340774e-10 5.8028356e-11 8.4736070e-13 1.5233827e-14 1.7103255e-12]
Label: clip    Predictions: [7.9580838e-15 1.0000000e+00 9.4195986e-18 2.7155020e-09 5.7679894e-14
 1.2206515e-11 4.0326280e-12 5.1406934e-15 2.2748846e-16 1.5671816e-13]
Label: clip    Predictions: [5.0463692e-11 9.9999940e-01 8.6583150e-13 2.6854616e-07 1.1286387e-09
 2.7172078e-07 2.5557458e-08 2.5586564e-09 2.9319097e-12 6.6792005e-10]
Label: clip    Predictions: [7.9580838e-15 1.0000000e+00 9.4195986e-18 2.7155020e-09 5.7679894e-14
 1.2206515e-11 4.0326280e-12 5.1406934e-15 2.2748846e-16 1.5671816e-13]
Label: clip    Predictions: [1.4888026e-10 9.9999940e-01 5.9169527e-12 4.8345134e-07 1.8650035e-09
 7.7268091e-08 5.5495857e-08 2.6735396e-08 3.4628491e-11 1.2728144e-09]
Label: clip    Predictions: [4.2804116e-10 9.9999654e-01 7.7972969e-13 2.7666165e-06 7.0367112e-09
 4.9852525e-07 1.9415657e-07 1.2824877e-09 1.0734366e-09 7.9322493e-11]
Label: clip    Predictions: [1.6168082e-14 1.0000000e+00 9.6772116e-18 1.6039740e-08 1.1198150e-14
 2.0703101e-09 9.2709857e-13 2.3134189e-14 4.9296509e-15 1.8382092e-14]
Label: clip    Predictions: [1.0316895e-09 9.9314582e-01 1.8808326e-10 5.7929233e-03 3.0254544e-08
 8.8834733e-04 1.7292281e-04 4.0691108e-09 4.8139992e-10 1.9685540e-08]
Label: clip    Predictions: [7.9580838e-15 1.0000000e+00 9.4195986e-18 2.7155020e-09 5.7679894e-14
 1.2206515e-11 4.0326280e-12 5.1406934e-15 2.2748846e-16 1.5671816e-13]
Label: clip    Predictions: [6.17939207e-12 9.99999881e-01 6.01082701e-14 1.07164915e-07
 1.21294147e-11 2.45341059e-09 2.77018963e-10 2.29828765e-12
 4.53323936e-14 2.34151379e-11]
Label: clip    Predictions: [1.1674463e-09 9.9965096e-01 7.1503933e-14 3.4209041e-04 5.5842322e-09
 4.5842462e-06 2.2838740e-06 1.0194257e-11 9.0496399e-10 8.3993819e-12]
Label: clip    Predictions: [7.9580838e-15 1.0000000e+00 9.4195986e-18 2.7155020e-09 5.7679894e-14
 1.2206515e-11 4.0326280e-12 5.1406934e-15 2.2748846e-16 1.5671816e-13]
Label: clip    Predictions: [1.5415345e-13 1.0000000e+00 2.6349289e-16 1.2009797e-08 1.2837335e-12
 8.9186179e-11 4.8049238e-11 1.4219387e-13 3.8852715e-15 2.2739005e-12]
Label: clip    Predictions: [3.84869532e-11 9.99999642e-01 1.29786980e-12 1.46745350e-07
 1.80620729e-09 1.12695041e-07 1.02679806e-07 2.63622197e-11
 1.11236291e-12 2.75759443e-10]
Label: clip    Predictions: [3.7927779e-11 9.9999917e-01 2.8567407e-12 4.0855204e-07 2.7660760e-09
 2.2899823e-07 2.4962310e-07 1.6688144e-10 3.1980742e-12 2.8462901e-10]
Label: clip    Predictions: [1.1276255e-09 9.9999774e-01 1.4643233e-11 1.8233858e-06 2.4709266e-09
 3.4698519e-07 9.8137853e-08 2.6376290e-08 2.6944948e-11 4.0502699e-09]
Label: clip    Predictions: [1.1574983e-10 9.9999928e-01 1.7202372e-12 3.9225301e-07 1.2399596e-09
 3.0724524e-07 3.6865334e-08 9.9632036e-10 6.8780294e-12 1.4436995e-09]
Label: clip    Predictions: [7.9580838e-15 1.0000000e+00 9.4195986e-18 2.7155020e-09 5.7679894e-14
 1.2206515e-11 4.0326280e-12 5.1406934e-15 2.2748846e-16 1.5671816e-13]
Label: dasani    Predictions: [0.0000000e+00 0.0000000e+00 1.0000000e+00 1.9696277e-31 1.1564744e-34
 2.1686565e-32 6.0916532e-29 0.0000000e+00 2.3139968e-33 2.3948194e-27]
Label: dasani    Predictions: [3.8418770e-09 2.4585713e-09 9.9997067e-01 1.6975262e-08 3.2081307e-08
 3.7587633e-08 1.0248679e-08 3.5997493e-11 5.0003378e-12 2.9183009e-05]
Label: dasani    Predictions: [0.0000000e+00 0.0000000e+00 1.0000000e+00 3.8471798e-36 0.0000000e+00
 9.8792114e-36 2.0398169e-30 0.0000000e+00 0.0000000e+00 4.3197195e-33]
Label: dasani    Predictions: [6.02231947e-20 2.71293834e-21 1.00000000e+00 7.06667015e-18
 9.14573237e-15 3.19731379e-16 1.18318209e-18 2.37875786e-20
 6.76799071e-16 1.09062884e-10]
Label: dasani    Predictions: [0.0000000e+00 0.0000000e+00 1.0000000e+00 3.0656810e-30 1.2657631e-31
 6.4045017e-32 1.5656430e-28 0.0000000e+00 2.0147459e-37 7.9691315e-25]
Label: dasani    Predictions: [2.8318376e-19 1.7172146e-21 1.0000000e+00 2.6114823e-17 1.1077360e-14
 9.4149385e-16 3.0661574e-17 1.9071622e-19 4.7556699e-15 1.3814182e-11]
Label: dasani    Predictions: [2.6181470e-12 1.0756741e-13 1.0000000e+00 3.0588843e-10 4.1777290e-11
 2.9832872e-10 8.2986418e-09 1.3842167e-11 5.9625020e-11 2.9707358e-08]
Label: dasani    Predictions: [2.65868521e-17 6.16276233e-19 1.00000000e+00 2.94683122e-15
 2.75813697e-14 1.83395874e-13 1.00496861e-13 1.13034165e-16
 8.52242268e-14 1.06987696e-10]
Label: dasani    Predictions: [0.0000000e+00 0.0000000e+00 1.0000000e+00 3.7836357e-36 0.0000000e+00
 9.7027767e-36 1.9592049e-30 0.0000000e+00 0.0000000e+00 4.1608628e-33]
Label: dasani    Predictions: [6.5749683e-11 9.4389427e-11 9.9999940e-01 3.8914894e-09 1.6124628e-09
 1.3622379e-08 1.7281181e-07 2.4303732e-09 7.9800777e-10 3.0666249e-07]
Label: dasani    Predictions: [0.0000000e+00 0.0000000e+00 1.0000000e+00 6.2072523e-29 1.0580552e-34
 7.9934376e-30 8.7791584e-26 0.0000000e+00 9.3813224e-36 2.9279643e-28]
Label: dasani    Predictions: [1.0429431e-28 5.7152675e-30 1.0000000e+00 1.5242637e-17 3.5738766e-23
 3.7821051e-14 6.5436196e-15 7.6009347e-29 3.6678533e-22 9.8830864e-15]
Label: dasani    Predictions: [9.5963671e-12 5.2618665e-12 1.0000000e+00 1.6754663e-09 1.6195924e-10
 1.0446479e-08 2.7582981e-08 5.3297800e-10 2.0488450e-10 4.4335824e-08]
Label: dasani    Predictions: [0.0000000e+00 0.0000000e+00 1.0000000e+00 3.9756319e-31 1.3463778e-35
 2.5055804e-33 7.7206239e-31 0.0000000e+00 0.0000000e+00 5.8904144e-31]
Label: dasani    Predictions: [0.0000000e+00 0.0000000e+00 1.0000000e+00 4.0340991e-30 7.3106153e-28
 1.8909726e-25 1.3942573e-25 2.4290899e-36 1.5028364e-34 3.2362178e-20]
Label: dasani    Predictions: [0.0000000e+00 0.0000000e+00 1.0000000e+00 1.9477762e-35 0.0000000e+00
 4.0648930e-34 8.5898877e-29 0.0000000e+00 0.0000000e+00 3.0797438e-32]
Label: dasani    Predictions: [0.0000000e+00 0.0000000e+00 1.0000000e+00 9.2235555e-36 0.0000000e+00
 1.0463785e-35 3.0995710e-30 0.0000000e+00 0.0000000e+00 2.1085030e-32]
Label: dasani    Predictions: [2.6180914e-20 9.4801359e-23 1.0000000e+00 2.6123251e-20 2.3771454e-18
 3.9304943e-18 2.3692681e-19 5.7031355e-23 1.6119836e-17 7.5794301e-12]
Label: dasani    Predictions: [4.5302299e-15 2.3829688e-15 1.0000000e+00 1.8732906e-12 7.2539587e-13
 3.5683297e-13 9.3550801e-12 1.2169535e-14 3.6796473e-14 2.4440043e-09]
Label: dasani    Predictions: [6.7376171e-10 2.9263508e-10 9.9999464e-01 1.6942996e-08 4.9470366e-09
 5.3343229e-08 4.2951589e-09 1.5836565e-11 1.4289190e-12 5.2051464e-06]
Label: glue    Predictions: [4.0148396e-07 4.0395301e-02 6.3387464e-12 9.5953566e-01 1.2989745e-08
 6.6997105e-05 2.1502413e-09 4.9493343e-10 1.8780046e-09 1.5460359e-06]
Label: glue    Predictions: [4.0116305e-10 9.8779440e-01 5.9134087e-11 1.2180683e-02 7.3085720e-09
 2.4860430e-05 5.1797278e-09 2.4024740e-09 1.3882240e-10 1.9071052e-08]
Label: glue    Predictions: [1.7720506e-27 1.0694508e-32 2.2427628e-23 1.0000000e+00 1.9805223e-31
 9.4662091e-11 5.8503049e-32 1.5448802e-33 1.2688095e-15 1.8403034e-18]
Label: glue    Predictions: [3.5116112e-26 6.5094299e-32 4.1176691e-22 1.0000000e+00 3.4065251e-30
 7.0977106e-11 2.5509800e-30 9.1801871e-32 3.6785278e-16 2.2125432e-17]
Label: glue    Predictions: [1.2230986e-26 6.5830023e-30 1.0160675e-26 1.0000000e+00 6.8218984e-33
 1.4481274e-12 4.8213659e-26 7.6069780e-34 2.7035847e-24 2.0490290e-21]
Label: glue    Predictions: [1.39617455e-08 1.52331893e-04 5.07589890e-12 9.99847293e-01
 2.71067779e-10 6.54863612e-08 8.47468595e-10 2.20973884e-09
 3.42604223e-10 2.90107607e-07]
Label: glue    Predictions: [1.11681335e-17 9.11965136e-18 6.05449884e-07 9.92569149e-01
 1.72680160e-16 7.41357356e-03 1.67113103e-05 1.45448558e-22
 2.30673206e-11 9.55535835e-15]
Label: glue    Predictions: [1.9867146e-09 4.7680933e-02 2.2071727e-06 9.5159101e-01 1.3813146e-08
 6.6420576e-04 6.1178616e-05 5.2849569e-09 1.7269325e-07 2.6468001e-07]
Label: glue    Predictions: [7.4242223e-08 9.8723131e-01 2.9309120e-09 1.2763056e-02 1.2481335e-07
 3.9721076e-06 7.5612616e-07 7.3903571e-08 6.7812382e-09 6.0796549e-07]
Label: glue    Predictions: [1.7717697e-07 7.2688819e-04 9.2564449e-11 9.9926692e-01 6.1799503e-09
 1.2216982e-06 1.6304623e-08 4.5336932e-07 8.2670857e-09 4.2826191e-06]
Label: glue    Predictions: [3.0644316e-08 8.8646370e-01 6.9314728e-11 1.1352818e-01 4.4001278e-10
 8.1555227e-06 6.5433077e-09 4.8602868e-11 3.5304922e-11 9.1533581e-09]
Label: glue    Predictions: [2.2197538e-03 5.0554549e-10 1.0956545e-07 9.9026030e-01 7.7772143e-11
 5.0772931e-03 2.1465092e-07 5.3034610e-06 1.7858161e-05 2.4191833e-03]
Label: glue    Predictions: [1.1766651e-14 3.7084012e-18 3.0751353e-18 9.9837083e-01 3.0852486e-20
 1.6292561e-03 4.2896410e-20 3.0628511e-20 5.4645261e-10 7.1761641e-10]
Label: glue    Predictions: [3.2183801e-27 5.6132649e-29 7.2744493e-21 1.0000000e+00 6.5972098e-29
 3.8915435e-09 4.7835176e-26 6.6147636e-32 9.0385946e-15 1.3321295e-20]
Label: glue    Predictions: [3.8686535e-35 1.8259234e-36 3.1021757e-21 1.0000000e+00 9.7147961e-32
 2.4196402e-12 2.2258702e-30 3.5830633e-38 1.3851439e-18 6.3305108e-26]
Label: glue    Predictions: [6.2673827e-10 5.8509517e-03 1.0670223e-14 9.9414885e-01 6.3612180e-12
 1.8751625e-07 1.4226856e-13 3.4214466e-14 2.1834262e-12 4.9847926e-09]
Label: glue    Predictions: [4.1042745e-07 9.1650397e-02 1.7375408e-11 9.0833646e-01 5.8006282e-08
 4.8727779e-06 1.8449992e-09 1.2428486e-09 1.0787248e-09 7.8423682e-06]
Label: glue    Predictions: [1.4591918e-10 9.9926037e-01 5.1389665e-12 7.2892773e-04 4.0074219e-10
 1.0700084e-05 2.9333709e-09 3.0060423e-11 4.7142607e-12 7.8083506e-10]
Label: glue    Predictions: [2.0113409e-25 1.7825780e-29 2.2932915e-27 1.0000000e+00 4.6432859e-32
 1.0327698e-10 8.7430172e-29 7.2254293e-32 2.6450120e-22 5.9214899e-21]
Label: glue    Predictions: [2.5135859e-31 1.8821725e-31 1.4237782e-14 1.0000000e+00 2.3784056e-26
 1.0707665e-11 4.2078623e-22 2.1128950e-36 3.2275282e-19 4.2101563e-23]
Label: spray_bottle    Predictions: [3.3582637e-18 4.0492503e-17 6.1931315e-14 2.8699137e-17 9.9999988e-01
 1.2629849e-16 1.8349512e-14 1.0993499e-07 5.9733708e-15 6.3413652e-10]
Label: spray_bottle    Predictions: [3.9264605e-14 5.0812973e-13 8.5367972e-14 5.1659104e-15 9.9999917e-01
 2.6434280e-13 1.7993918e-12 8.1410286e-07 3.0976404e-12 1.9916762e-09]
Label: spray_bottle    Predictions: [9.3607174e-24 6.2814919e-24 3.1653417e-20 7.9648766e-25 1.0000000e+00
 6.2291903e-23 1.4472056e-19 4.8298223e-12 1.7296361e-18 2.0865108e-14]
Label: spray_bottle    Predictions: [3.8432286e-16 4.4343267e-15 1.7251469e-12 9.7449413e-15 9.9999976e-01
 3.7618431e-15 5.0384892e-13 2.6664580e-07 2.1617430e-13 1.1021579e-09]
Label: spray_bottle    Predictions: [1.00073926e-32 1.26765193e-32 4.84148936e-27 8.72563579e-34
 1.00000000e+00 3.31342294e-32 1.36620022e-25 4.15379621e-15
 1.89016496e-25 6.81007449e-16]
Label: spray_bottle    Predictions: [3.6725158e-22 9.4021688e-22 3.4377012e-21 4.9237675e-23 1.0000000e+00
 2.5053566e-21 6.0215217e-18 1.7568961e-08 6.9818635e-18 3.1002348e-14]
Label: spray_bottle    Predictions: [9.6072433e-20 4.9258790e-20 8.0000450e-18 4.7416555e-20 1.0000000e+00
 4.5111325e-18 5.6211197e-17 2.8061603e-10 6.6242868e-16 2.0135384e-12]
Label: spray_bottle    Predictions: [3.9918214e-21 1.0937752e-20 1.1848120e-19 1.6070879e-20 1.0000000e+00
 1.4371653e-19 2.4100537e-17 4.6396903e-10 7.4312801e-17 5.6664583e-14]
Label: spray_bottle    Predictions: [2.6627514e-20 2.1876045e-21 1.3656118e-17 9.1377188e-21 1.0000000e+00
 2.3439264e-19 7.9933076e-17 2.8936433e-09 2.8162122e-15 7.5555560e-12]
Label: spray_bottle    Predictions: [1.5327421e-24 1.4289656e-26 2.4735588e-24 1.0806255e-25 1.0000000e+00
 6.6841111e-25 1.2456337e-19 1.3387672e-09 1.5709970e-21 2.0409543e-14]
Label: spray_bottle    Predictions: [2.0580540e-15 3.7210520e-14 9.8090015e-13 2.7244494e-16 9.9908972e-01
 6.9107841e-16 4.4763912e-10 9.1030844e-04 1.4241592e-11 1.1059038e-08]
Label: spray_bottle    Predictions: [7.4180378e-21 2.0335120e-19 3.5445506e-15 9.6205508e-21 1.0000000e+00
 1.4765430e-19 4.6376240e-16 1.1036711e-08 1.3551965e-17 2.2793653e-10]
Label: spray_bottle    Predictions: [1.00073926e-32 1.26765193e-32 4.84148936e-27 8.72563579e-34
 1.00000000e+00 3.31342294e-32 1.36620022e-25 4.15379621e-15
 1.89016496e-25 6.81007449e-16]
Label: spray_bottle    Predictions: [2.2607216e-15 5.6492367e-15 1.5948536e-12 9.5002855e-16 9.9994922e-01
 5.7107687e-16 1.8901292e-11 5.0793202e-05 1.5469847e-13 1.7477163e-08]
Label: spray_bottle    Predictions: [1.3855422e-23 2.9537070e-23 1.4176031e-17 1.1632687e-22 1.0000000e+00
 2.9294593e-22 2.7123941e-18 3.1884718e-12 1.4024358e-16 7.0975940e-13]
Label: spray_bottle    Predictions: [7.9777209e-14 7.6377266e-15 4.8413174e-14 2.6215265e-14 9.9999976e-01
 2.2267043e-13 5.3753031e-13 2.1577846e-07 1.9923620e-12 3.6184160e-09]
Label: spray_bottle    Predictions: [2.6257529e-20 5.2563055e-21 3.2676109e-15 7.6776950e-21 1.0000000e+00
 6.9832416e-20 1.0328646e-17 9.3864445e-09 3.2573326e-14 1.7146616e-10]
Label: spray_bottle    Predictions: [9.4386340e-24 4.0071441e-26 3.5873134e-25 5.3134860e-26 1.0000000e+00
 1.8852024e-26 1.7454806e-22 1.2648270e-12 2.8229565e-22 8.4275891e-13]
Label: spray_bottle    Predictions: [7.2536593e-23 2.1628419e-23 1.9733960e-23 3.0422622e-24 1.0000000e+00
 1.7698115e-23 2.9912448e-19 6.8795405e-09 1.7481813e-20 8.9581349e-15]
Label: spray_bottle    Predictions: [1.2722184e-15 8.8710226e-15 3.9718687e-13 1.6107503e-17 9.9987543e-01
 7.5771730e-15 6.7208665e-12 1.2459038e-04 4.8618103e-11 4.1435833e-09]
Label: toothbrushes    Predictions: [1.36100645e-36 6.84447902e-31 3.98159349e-25 1.52279469e-23
 9.61208618e-34 1.00000000e+00 1.51138147e-24 2.23638084e-38
 4.89535129e-25 9.39050950e-24]
Label: toothbrushes    Predictions: [0.0000000e+00 7.7294488e-35 4.4916650e-31 7.1157072e-27 2.0558943e-37
 1.0000000e+00 2.9919531e-26 0.0000000e+00 3.2395929e-26 9.6160129e-26]
Label: toothbrushes    Predictions: [0.0000000e+00 5.7499576e-35 5.3076665e-28 1.5006877e-27 1.4424249e-37
 1.0000000e+00 5.8785930e-28 0.0000000e+00 2.6997556e-28 2.0755735e-27]
Label: toothbrushes    Predictions: [1.92738277e-36 3.90788735e-34 3.26443561e-29 3.48994342e-30
 2.43531147e-32 1.00000000e+00 1.21363193e-25 0.00000000e+00
 4.22802222e-30 1.12190504e-23]
Label: toothbrushes    Predictions: [1.5400522e-37 3.9935727e-36 1.1996407e-30 1.0667093e-31 9.2189210e-34
 1.0000000e+00 3.9243192e-27 0.0000000e+00 2.3518743e-31 1.0322228e-24]
Label: toothbrushes    Predictions: [1.9590998e-23 1.9774693e-19 1.0202342e-20 9.9223530e-19 4.8296776e-22
 1.0000000e+00 1.3132629e-14 3.2155028e-23 5.9714519e-17 9.8006413e-15]
Label: toothbrushes    Predictions: [1.4184281e-28 1.8580597e-24 1.0724392e-21 1.8002649e-20 1.7332248e-23
 1.0000000e+00 9.8101116e-21 1.5635203e-33 3.9775894e-23 2.8695689e-21]
Label: toothbrushes    Predictions: [1.94671303e-21 1.52916760e-17 5.78499521e-16 1.14913775e-14
 4.46553357e-20 1.00000000e+00 4.17309741e-13 4.63327974e-21
 5.80848185e-15 4.53598205e-14]
Label: toothbrushes    Predictions: [1.8633907e-16 4.4347023e-14 1.2602612e-12 9.0721382e-11 4.9387374e-17
 1.0000000e+00 1.9922211e-09 2.8765797e-16 1.2034372e-09 1.9180732e-08]
Label: toothbrushes    Predictions: [1.0610392e-32 3.9189932e-27 5.1781657e-23 8.7801603e-19 4.6283651e-30
 1.0000000e+00 5.2650151e-21 1.3864921e-33 4.7459188e-23 4.4757640e-21]
Label: toothbrushes    Predictions: [1.5400522e-37 3.9935727e-36 1.1996407e-30 1.0667093e-31 9.2189210e-34
 1.0000000e+00 3.9243192e-27 0.0000000e+00 2.3518743e-31 1.0322228e-24]
Label: toothbrushes    Predictions: [1.0996442e-21 5.9607715e-19 6.8914278e-16 4.2349627e-15 1.8514551e-20
 1.0000000e+00 1.3292579e-14 6.5228573e-23 1.1055282e-14 8.6813965e-15]
Label: toothbrushes    Predictions: [1.5400522e-37 3.9935727e-36 1.1996407e-30 1.0667093e-31 9.2189210e-34
 1.0000000e+00 3.9243192e-27 0.0000000e+00 2.3518743e-31 1.0322228e-24]
Label: toothbrushes    Predictions: [9.6930737e-21 6.8867842e-19 1.8048233e-11 9.9552966e-10 6.3763886e-17
 9.9999893e-01 1.1088110e-06 4.1298918e-20 1.3174175e-12 2.5616584e-09]
Label: toothbrushes    Predictions: [6.9236875e-29 4.1923080e-28 4.5927705e-21 5.1418317e-22 6.7546026e-24
 1.0000000e+00 2.3832730e-19 4.9920189e-32 1.3705551e-23 4.8497532e-19]
Label: toothbrushes    Predictions: [5.8248367e-37 8.5085829e-37 1.1343579e-25 1.0887833e-21 1.5005419e-38
 1.0000000e+00 4.6337886e-15 3.2885843e-36 3.6850363e-28 7.6177937e-23]
Label: toothbrushes    Predictions: [5.6764865e-29 3.0953692e-27 3.6462374e-18 1.6839030e-15 3.5783473e-25
 1.0000000e+00 3.2540383e-16 6.6637808e-29 4.8284116e-20 1.1399646e-14]
Label: toothbrushes    Predictions: [1.4727332e-18 1.8589212e-17 8.6981160e-09 4.3749353e-07 6.5238356e-14
 9.9996030e-01 3.9193448e-05 7.3439039e-18 4.5939105e-10 9.1579304e-09]
Label: toothbrushes    Predictions: [6.6389923e-22 2.0813791e-26 1.0527851e-12 2.0379230e-12 7.7953460e-25
 9.3362588e-01 6.6374131e-02 6.1549694e-25 1.6450968e-15 1.0374503e-12]
Label: toothbrushes    Predictions: [1.6937961e-33 7.0503189e-35 4.1700686e-23 5.8107053e-20 1.9874810e-35
 1.0000000e+00 1.8251598e-11 2.1127821e-36 2.9202502e-25 1.3937702e-22]
Label: toothpaste    Predictions: [8.49573963e-22 1.15062826e-23 5.70607472e-15 4.43276958e-16
 7.19027151e-22 1.11657367e-13 1.00000000e+00 1.86401786e-22
 1.89222670e-19 9.23670702e-17]
Label: toothpaste    Predictions: [1.3517132e-22 1.9282036e-24 2.3381533e-15 7.9408857e-16 2.6848001e-22
 2.2441435e-13 1.0000000e+00 8.6997553e-24 1.0103079e-20 1.4273379e-17]
Label: toothpaste    Predictions: [8.1204586e-20 7.3084074e-26 7.1890786e-15 1.1020304e-16 2.8952291e-20
 1.3146827e-05 9.9998689e-01 6.0282876e-19 1.4729882e-15 2.9604626e-13]
Label: toothpaste    Predictions: [8.1204586e-20 7.3084074e-26 7.1890786e-15 1.1020304e-16 2.8952291e-20
 1.3146827e-05 9.9998689e-01 6.0282876e-19 1.4729882e-15 2.9604626e-13]
Label: toothpaste    Predictions: [5.5476532e-19 2.7702056e-25 7.0294348e-10 3.6315476e-16 3.7836094e-16
 5.6821100e-06 9.9999428e-01 5.0208665e-17 6.8515853e-12 4.7397822e-13]
Label: toothpaste    Predictions: [4.1215241e-13 5.8692956e-21 1.3617810e-06 8.6724887e-13 2.4840950e-12
 3.2534499e-05 9.9996614e-01 2.0587941e-12 4.1064922e-08 3.2756284e-09]
Label: toothpaste    Predictions: [8.3895869e-15 1.0450613e-14 7.8217759e-11 1.7022082e-09 3.4725039e-13
 4.0404895e-08 1.0000000e+00 1.9776413e-13 9.4312815e-11 2.5096786e-11]
Label: toothpaste    Predictions: [6.2309630e-17 1.8326055e-23 1.2301525e-06 8.6905655e-16 8.2497160e-16
 3.1918623e-06 9.9999559e-01 2.7438878e-15 9.0899718e-11 4.2971987e-11]
Label: toothpaste    Predictions: [9.8638490e-20 2.3313717e-25 4.9453197e-15 1.4041644e-16 5.0775131e-20
 4.1195549e-06 9.9999583e-01 1.3058016e-18 1.5498345e-15 2.6412620e-13]
Label: toothpaste    Predictions: [4.3185637e-19 7.2761547e-25 9.0783083e-13 4.4247426e-17 2.6708401e-19
 6.4830157e-05 9.9993515e-01 1.1354140e-18 1.6320302e-14 2.5794829e-13]
Label: toothpaste    Predictions: [8.1204586e-20 7.3084074e-26 7.1890786e-15 1.1020304e-16 2.8952291e-20
 1.3146827e-05 9.9998689e-01 6.0282876e-19 1.4729882e-15 2.9604626e-13]
Label: toothpaste    Predictions: [9.3218694e-13 1.1064302e-18 2.6979738e-16 3.7797158e-14 3.4834946e-09
 8.3488177e-10 9.9999368e-01 4.9624200e-06 9.0951937e-07 3.6154040e-07]
Label: toothpaste    Predictions: [3.6067496e-11 5.9211188e-14 6.8107481e-10 4.2148340e-08 1.7324587e-12
 6.7478745e-06 9.9999285e-01 1.1387038e-08 1.0113138e-07 2.5948461e-07]
Label: toothpaste    Predictions: [8.1204586e-20 7.3084074e-26 7.1890786e-15 1.1020304e-16 2.8952291e-20
 1.3146827e-05 9.9998689e-01 6.0282876e-19 1.4729882e-15 2.9604626e-13]
Label: toothpaste    Predictions: [4.2635582e-22 1.7022764e-24 2.1894897e-15 6.4618566e-16 3.7566245e-22
 5.2749276e-13 1.0000000e+00 7.1941912e-23 2.0701339e-19 3.8329055e-17]
Label: toothpaste    Predictions: [1.9176700e-24 2.4884423e-27 2.6739930e-17 5.1451025e-17 6.4000100e-24
 1.4380402e-15 1.0000000e+00 7.6299763e-24 1.6813330e-18 1.4097351e-17]
Label: toothpaste    Predictions: [4.1026463e-23 6.6321422e-26 1.1468337e-15 8.0246227e-17 7.7374278e-24
 3.6674185e-15 1.0000000e+00 1.7468034e-25 3.0321656e-20 4.2038415e-19]
Label: toothpaste    Predictions: [3.5727414e-25 1.9841927e-28 1.0449605e-16 2.7734683e-17 2.7079080e-25
 4.5869545e-15 1.0000000e+00 9.8965750e-26 6.9720128e-19 3.3414858e-18]
Label: toothpaste    Predictions: [2.4495524e-21 2.2814195e-24 8.8428891e-14 5.4124304e-14 1.1659616e-21
 1.1073986e-13 1.0000000e+00 9.7846820e-24 1.5026487e-17 9.0978075e-17]
Label: toothpaste    Predictions: [1.1401386e-14 1.1199657e-12 1.8224491e-12 1.5030840e-10 5.2872106e-15
 1.8454189e-09 1.0000000e+00 1.2526606e-14 2.2039564e-12 3.1265268e-12]
Label: watermelon    Predictions: [1.4003355e-15 7.9512090e-19 9.0797209e-22 2.9701202e-18 3.7645732e-14
 7.8404033e-18 7.2714953e-17 1.0000000e+00 3.0221811e-17 2.6641907e-15]
Label: watermelon    Predictions: [9.28009731e-13 2.88493962e-18 2.17227985e-20 4.28443534e-18
 2.81991143e-14 5.63877668e-16 1.26780385e-14 1.00000000e+00
 2.20747882e-15 2.40219594e-14]
Label: watermelon    Predictions: [1.1146150e-15 1.7880882e-21 5.5691470e-25 8.5558789e-21 1.6695929e-17
 2.8962072e-19 2.2466989e-18 1.0000000e+00 2.6200708e-19 4.5925700e-17]
Label: watermelon    Predictions: [8.8951418e-07 8.5152552e-11 5.2759319e-10 3.7712617e-08 1.5050150e-10
 1.4301377e-08 1.4735368e-10 9.9999630e-01 6.4806840e-11 2.7645740e-06]
Label: watermelon    Predictions: [3.9960707e-10 7.5630074e-16 6.9561227e-12 7.1778100e-12 8.9487549e-12
 2.7321535e-12 2.6296207e-13 9.9999976e-01 2.6560022e-14 2.0457843e-07]
Label: watermelon    Predictions: [3.9960707e-10 7.5630074e-16 6.9561227e-12 7.1778100e-12 8.9487549e-12
 2.7321535e-12 2.6296207e-13 9.9999976e-01 2.6560022e-14 2.0457843e-07]
Label: watermelon    Predictions: [1.1722111e-11 3.6350612e-16 1.7817109e-18 3.8075520e-15 7.1621631e-13
 6.4628457e-15 7.7470616e-15 1.0000000e+00 7.9050146e-15 5.4501417e-13]
Label: watermelon    Predictions: [2.8330784e-09 1.3047883e-15 1.8413342e-12 5.4614763e-12 5.7777042e-13
 1.6049845e-11 1.6269279e-13 1.0000000e+00 8.7669248e-15 5.9014816e-08]
Label: watermelon    Predictions: [1.5224639e-15 1.2345366e-18 1.3871248e-21 5.1005441e-18 5.0552468e-14
 1.0679954e-17 5.7908658e-17 1.0000000e+00 3.3688902e-17 3.9496337e-15]
Label: watermelon    Predictions: [8.7707267e-14 3.4785855e-19 3.2959813e-21 7.4787648e-19 8.3142696e-15
 1.6467459e-17 2.4237939e-15 1.0000000e+00 1.1133311e-16 2.2486755e-14]
Label: watermelon    Predictions: [1.4003355e-15 7.9512090e-19 9.0797209e-22 2.9701202e-18 3.7645732e-14
 7.8404033e-18 7.2714953e-17 1.0000000e+00 3.0221811e-17 2.6641907e-15]
Label: watermelon    Predictions: [4.0455149e-07 1.5664972e-09 1.9671000e-07 2.4197911e-07 4.0281076e-08
 8.9013291e-08 6.0748356e-08 9.9973089e-01 3.8732945e-10 2.6804034e-04]
Label: watermelon    Predictions: [1.4433033e-08 6.7245786e-13 3.5283384e-11 3.0276698e-10 3.3949954e-11
 6.6550104e-10 2.4200670e-12 9.9999702e-01 4.4884960e-14 3.0350568e-06]
Label: watermelon    Predictions: [2.4169569e-06 2.8330576e-09 5.6381232e-06 1.7110081e-06 4.0615380e-08
 1.9509730e-06 1.6135281e-06 9.9953115e-01 7.9084028e-09 4.5536982e-04]
Label: watermelon    Predictions: [8.2859536e-10 4.5666101e-17 1.6648319e-14 4.3806400e-13 3.4821989e-14
 5.0707946e-14 6.7495556e-16 1.0000000e+00 1.4088919e-16 6.8377699e-09]
Label: watermelon    Predictions: [1.3222637e-10 6.5444862e-17 2.9329113e-13 6.8938567e-13 4.4275795e-13
 1.2727761e-13 7.1728469e-15 1.0000000e+00 4.8526475e-16 4.5374557e-09]
Label: watermelon    Predictions: [7.6379870e-08 8.4409243e-13 2.8104699e-15 9.9651945e-12 4.0905890e-12
 3.0389979e-12 5.6655368e-11 9.9999988e-01 1.5797479e-12 2.8487149e-10]
Label: watermelon    Predictions: [1.3316948e-07 4.7263199e-10 1.7268920e-12 9.6165487e-10 2.7818978e-09
 1.0240903e-09 1.5087602e-09 9.9999988e-01 3.3468187e-10 4.8674053e-08]
Label: watermelon    Predictions: [8.28463342e-08 2.66090975e-15 3.60626920e-13 2.53182975e-10
 7.77129148e-14 9.61940076e-12 5.28387589e-14 9.99999881e-01
 1.26571125e-14 1.93813765e-08]
Label: watermelon    Predictions: [3.6330360e-13 9.2944917e-18 1.9621852e-19 4.2638126e-17 8.9804699e-13
 1.2971054e-16 2.3375704e-14 1.0000000e+00 2.7974089e-16 1.5769184e-12]
Label: wipes    Predictions: [2.0148201e-17 5.1640339e-26 3.2502685e-15 5.3328013e-17 2.6115220e-17
 3.4722574e-14 3.1885661e-10 1.2817668e-19 1.0000000e+00 2.4161665e-13]
Label: wipes    Predictions: [9.1717260e-30 0.0000000e+00 4.0460513e-26 8.4631664e-22 1.5297183e-29
 8.9486901e-19 1.3810954e-28 1.4177823e-31 1.0000000e+00 8.4673553e-24]
Label: wipes    Predictions: [0.0000000e+00 0.0000000e+00 1.0710921e-32 4.9112990e-28 0.0000000e+00
 2.7470401e-24 6.9149925e-32 0.0000000e+00 1.0000000e+00 3.3797428e-31]
Label: wipes    Predictions: [9.4289552e-31 4.6415915e-37 3.4429024e-26 1.1334828e-20 1.4114933e-34
 4.2032823e-18 1.8081839e-23 1.8683315e-30 1.0000000e+00 1.4411470e-17]
Label: wipes    Predictions: [7.2861610e-23 1.5386220e-26 2.8810363e-17 5.5364342e-20 5.9200252e-27
 8.9547960e-09 1.4321937e-07 1.0686929e-23 9.9999988e-01 4.4393417e-13]
Label: wipes    Predictions: [0.0000000e+00 0.0000000e+00 3.7157625e-30 9.5799563e-32 0.0000000e+00
 2.3853809e-21 5.7412841e-33 3.8807529e-38 1.0000000e+00 2.8809956e-30]
Label: wipes    Predictions: [3.1965739e-20 8.0951770e-33 6.5301724e-16 1.2823860e-21 8.4653409e-26
 2.7563094e-15 2.7179729e-05 2.2499374e-20 9.9997282e-01 1.4941891e-16]
Label: wipes    Predictions: [0.0000000e+00 0.0000000e+00 1.5781533e-33 1.7101288e-28 0.0000000e+00
 1.2810937e-24 5.8448171e-32 0.0000000e+00 1.0000000e+00 1.2066116e-31]
Label: wipes    Predictions: [4.9512983e-33 0.0000000e+00 1.0404317e-28 2.2394018e-24 2.1436738e-35
 6.6654796e-23 3.9043916e-31 0.0000000e+00 1.0000000e+00 6.3021860e-30]
Label: wipes    Predictions: [2.2621851e-35 0.0000000e+00 4.0297616e-30 2.4566593e-25 5.8375157e-37
 2.2648313e-24 1.6781293e-33 0.0000000e+00 1.0000000e+00 2.1291553e-31]
Label: wipes    Predictions: [3.8559362e-15 2.2404437e-18 2.7580125e-14 1.0594635e-15 2.7706344e-18
 2.1884161e-09 3.2146984e-06 7.0175720e-17 9.9999678e-01 6.3481365e-13]
Label: wipes    Predictions: [1.1360270e-22 2.1581386e-28 2.4248131e-21 2.0588203e-16 4.3849473e-27
 3.6764489e-10 1.2527795e-15 2.4116755e-22 1.0000000e+00 6.9668625e-13]
Label: wipes    Predictions: [0.0000000e+00 0.0000000e+00 8.3647630e-36 4.1474785e-30 0.0000000e+00
 1.7578916e-27 1.3811003e-36 0.0000000e+00 1.0000000e+00 3.2191192e-33]
Label: wipes    Predictions: [4.4965932e-20 2.8902987e-29 2.5974808e-19 3.2038687e-17 3.4575604e-21
 1.0453523e-14 4.9201881e-13 1.0078692e-24 1.0000000e+00 7.8961152e-17]
Label: wipes    Predictions: [5.9140927e-26 7.5040255e-27 1.2133268e-17 1.2636751e-22 4.1674678e-27
 7.3650267e-14 7.3506050e-09 2.6961808e-23 1.0000000e+00 7.0668627e-17]
Label: wipes    Predictions: [0.0000000e+00 0.0000000e+00 2.4309045e-38 7.9228018e-36 0.0000000e+00
 2.7017619e-30 0.0000000e+00 0.0000000e+00 1.0000000e+00 2.8771743e-37]
Label: wipes    Predictions: [2.9734273e-35 0.0000000e+00 2.0088735e-31 1.0735016e-24 0.0000000e+00
 3.3189268e-24 1.8935982e-27 4.4705914e-37 1.0000000e+00 2.0966399e-25]
Label: wipes    Predictions: [0.0000000e+00 0.0000000e+00 3.5318828e-34 6.8522340e-32 0.0000000e+00
 1.5017085e-25 3.1133008e-33 0.0000000e+00 1.0000000e+00 3.2494272e-29]
Label: wipes    Predictions: [2.4020889e-23 1.1745518e-34 3.6308030e-18 1.5627010e-21 1.8270396e-27
 4.9610354e-14 6.3989321e-14 5.5598019e-27 1.0000000e+00 3.4326614e-18]
Label: wipes    Predictions: [0.0000000e+00 0.0000000e+00 1.5781533e-33 1.7101288e-28 0.0000000e+00
 1.2810937e-24 5.8448171e-32 0.0000000e+00 1.0000000e+00 1.2066116e-31]
Label: zoink    Predictions: [1.84018801e-36 1.73595096e-38 1.02339436e-22 1.53529076e-35
 4.56757270e-30 1.01913395e-19 2.88855728e-29 1.38039627e-26
 2.82039004e-33 1.00000000e+00]
Label: zoink    Predictions: [2.8165050e-28 3.6988728e-32 5.0559164e-16 4.6636156e-15 1.3552091e-21
 3.9906101e-10 3.3359517e-22 5.3054308e-24 1.9692178e-20 1.0000000e+00]
Label: zoink    Predictions: [2.3306538e-31 1.6049199e-34 1.1606907e-19 2.7026573e-31 1.8329245e-27
 3.4810066e-16 1.3315925e-25 2.5441853e-24 6.2497081e-30 1.0000000e+00]
Label: zoink    Predictions: [3.6423099e-37 1.2007214e-37 2.9985048e-23 1.1734053e-34 2.7798488e-29
 7.6515453e-24 1.7869079e-29 4.1217424e-28 2.9984337e-32 1.0000000e+00]
Label: zoink    Predictions: [6.6868190e-16 6.5528500e-26 4.1164401e-09 6.5642004e-21 8.6398631e-16
 1.9869362e-19 6.2122010e-15 2.6790118e-13 3.6405122e-25 1.0000000e+00]
Label: zoink    Predictions: [0.0000000e+00 0.0000000e+00 1.5042650e-26 7.3221331e-38 6.8953879e-34
 4.2995664e-17 5.5716952e-33 2.8234930e-31 1.2452951e-36 1.0000000e+00]
Label: zoink    Predictions: [2.3187453e-15 2.5577206e-24 1.2120189e-07 4.5138471e-20 6.1493889e-15
 2.0329620e-18 1.3439572e-14 3.6123428e-12 5.0155934e-24 9.9999988e-01]
Label: zoink    Predictions: [4.9699942e-33 9.7572646e-36 2.5630298e-20 2.0858402e-31 3.4436891e-27
 1.6966392e-13 1.8730807e-26 3.2668699e-26 5.4680635e-31 1.0000000e+00]
Label: zoink    Predictions: [1.6331905e-38 0.0000000e+00 1.2218075e-25 3.7047718e-34 3.2653711e-28
 3.5443791e-20 8.5283009e-31 1.9743094e-28 9.1390875e-34 1.0000000e+00]
Label: zoink    Predictions: [1.2307344e-30 1.1560950e-34 3.5933543e-17 1.2571717e-19 2.1506819e-23
 2.6318720e-11 6.9843960e-25 9.5372919e-25 5.7963259e-24 1.0000000e+00]
Label: zoink    Predictions: [1.0585177e-30 1.2996852e-32 8.8281963e-17 1.5142006e-20 3.6349885e-18
 1.7621500e-10 2.4255797e-22 1.2305222e-24 6.0873020e-24 1.0000000e+00]
Label: zoink    Predictions: [4.5742691e-37 2.5957236e-37 5.3129928e-21 7.6398644e-35 6.7088247e-29
 2.3359113e-26 1.8085942e-27 1.5574063e-26 1.5926474e-36 1.0000000e+00]
Label: zoink    Predictions: [0.0000000e+00 0.0000000e+00 1.5042650e-26 7.3221331e-38 6.8953879e-34
 4.2995664e-17 5.5716952e-33 2.8234930e-31 1.2452951e-36 1.0000000e+00]
Label: zoink    Predictions: [0.0000000e+00 0.0000000e+00 1.5042650e-26 7.3221331e-38 6.8953879e-34
 4.2995664e-17 5.5716952e-33 2.8234930e-31 1.2452951e-36 1.0000000e+00]
Label: zoink    Predictions: [4.9699942e-33 9.7572646e-36 2.5630298e-20 2.0858402e-31 3.4436891e-27
 1.6966392e-13 1.8730807e-26 3.2668699e-26 5.4680635e-31 1.0000000e+00]
Label: zoink    Predictions: [1.7438977e-21 2.0432099e-25 2.0177971e-13 2.4878354e-19 1.7322973e-18
 3.9570242e-22 3.6116434e-18 4.4536516e-16 2.9617567e-27 1.0000000e+00]
Label: zoink    Predictions: [2.7369609e-36 5.5831731e-37 1.3286871e-22 6.7460964e-34 1.1342654e-28
 2.4848427e-23 1.0288282e-28 5.3209881e-27 9.1346355e-32 1.0000000e+00]
Label: zoink    Predictions: [3.1630893e-32 9.8844565e-35 2.7394782e-21 2.4915673e-27 5.7203425e-25
 6.2096927e-14 2.6273064e-27 3.6982893e-27 1.0520858e-28 1.0000000e+00]
Label: zoink    Predictions: [1.6483644e-28 1.6534451e-30 4.2340034e-18 1.6745085e-27 5.7915549e-23
 1.1894328e-16 5.1518794e-24 5.0848757e-22 3.8066704e-28 1.0000000e+00]
Label: zoink    Predictions: [1.4035644e-24 1.9494254e-28 2.2202559e-15 1.2300387e-16 8.9661055e-21
 1.8035621e-07 2.4525344e-21 1.4564930e-19 1.4039387e-17 9.9999976e-01]
