Label: climbing_hold    Predictions: [1.8823174e-04 9.5917392e-01 3.9816729e-05 3.2019909e-02 1.7734784e-04
 5.4105842e-03 2.3904934e-03 6.9833244e-05 5.2061997e-04 9.3377485e-06]
Label: climbing_hold    Predictions: [1.7481561e-04 9.5898092e-01 3.7950656e-05 3.2368939e-02 1.7383888e-04
 5.4982025e-03 2.1270188e-03 6.5608823e-05 5.6353159e-04 9.0523808e-06]
Label: climbing_hold    Predictions: [1.8272667e-04 9.5695347e-01 3.7350273e-05 3.4843735e-02 1.6171249e-04
 5.2329516e-03 1.9642536e-03 6.7659319e-05 5.4743793e-04 8.6831587e-06]
Label: climbing_hold    Predictions: [1.8042831e-04 9.5525497e-01 3.8132890e-05 3.6312632e-02 1.6987199e-04
 5.2236384e-03 2.1746054e-03 6.7561457e-05 5.6954147e-04 8.5589418e-06]
Label: climbing_hold    Predictions: [1.8125350e-04 9.5691055e-01 3.7961687e-05 3.4208104e-02 1.6264977e-04
 5.7606013e-03 2.1072631e-03 6.6786932e-05 5.5557652e-04 9.2115915e-06]
Label: climbing_hold    Predictions: [1.8454349e-04 9.5882177e-01 3.7864796e-05 3.2514520e-02 1.7448379e-04
 5.4441965e-03 2.1939159e-03 6.7330351e-05 5.5219384e-04 9.1741322e-06]
Label: climbing_hold    Predictions: [2.2123002e-04 9.5165288e-01 4.4122960e-05 3.8627934e-02 2.0349513e-04
 5.9863306e-03 2.5058775e-03 7.9042620e-05 6.6913216e-04 9.9207909e-06]
Label: climbing_hold    Predictions: [1.7295718e-04 9.6116394e-01 3.5839628e-05 3.0747930e-02 1.6735998e-04
 5.0224713e-03 2.0784019e-03 6.7107467e-05 5.3552561e-04 8.5492202e-06]
Label: climbing_hold    Predictions: [2.2025645e-04 9.5260388e-01 4.4738383e-05 3.8266242e-02 1.9676499e-04
 5.5892277e-03 2.3702744e-03 7.5488431e-05 6.2380650e-04 9.1593411e-06]
Label: climbing_hold    Predictions: [1.8841532e-04 9.5913017e-01 3.9857689e-05 3.2054611e-02 1.7746749e-04
 5.4179509e-03 2.3913544e-03 6.9889218e-05 5.2096992e-04 9.3467133e-06]
Label: climbing_hold    Predictions: [2.0409861e-04 9.5637858e-01 4.2446081e-05 3.4724724e-02 1.8485326e-04
 5.5918866e-03 2.2080776e-03 6.9505390e-05 5.8632402e-04 9.4686702e-06]
Label: climbing_hold    Predictions: [1.9042451e-04 9.5816606e-01 3.9947823e-05 3.2701794e-02 1.8478170e-04
 5.6713996e-03 2.3994800e-03 6.9162088e-05 5.6770677e-04 9.1952043e-06]
Label: climbing_hold    Predictions: [1.8525860e-04 9.5449132e-01 4.0049967e-05 3.6809269e-02 1.7621381e-04
 5.2784956e-03 2.3457329e-03 6.8545953e-05 5.9635792e-04 8.6959762e-06]
Label: climbing_hold    Predictions: [1.8376562e-04 9.5672810e-01 3.8750604e-05 3.4743439e-02 1.6721872e-04
 5.2213911e-03 2.2580677e-03 6.8755609e-05 5.8189523e-04 8.7028475e-06]
Label: climbing_hold    Predictions: [2.2347092e-04 9.5120722e-01 4.6065983e-05 3.9253075e-02 2.0265729e-04
 5.9020296e-03 2.4406153e-03 7.6895456e-05 6.3851679e-04 9.5578225e-06]
Label: climbing_hold    Predictions: [2.2505544e-04 9.5121241e-01 4.6300680e-05 3.9245166e-02 2.0400160e-04
 5.9237210e-03 2.4185844e-03 7.7354620e-05 6.3773303e-04 9.6537151e-06]
Label: climbing_hold    Predictions: [2.2624579e-04 9.5087731e-01 4.6579098e-05 3.9567340e-02 2.0516882e-04
 5.9311800e-03 2.4191495e-03 7.8180776e-05 6.3908077e-04 9.6983449e-06]
Label: climbing_hold    Predictions: [1.7133713e-04 9.5904881e-01 3.5746747e-05 3.2419473e-02 1.6419870e-04
 5.4771421e-03 2.0852911e-03 6.3393054e-05 5.2563840e-04 8.9449914e-06]
Label: climbing_hold    Predictions: [1.9174001e-04 9.5913237e-01 3.9370141e-05 3.2199450e-02 1.8067293e-04
 5.3779311e-03 2.2786756e-03 6.9104528e-05 5.2132847e-04 9.3097360e-06]
Label: climbing_hold    Predictions: [1.7244462e-04 9.6129036e-01 3.5581652e-05 3.0348593e-02 1.6322477e-04
 5.2335896e-03 2.1755048e-03 6.8199886e-05 5.0370023e-04 8.7703556e-06]
Label: clip    Predictions: [5.2863445e-05 9.8691505e-01 1.1454392e-05 8.2745319e-03 5.5982404e-05
 3.7077991e-03 8.4251072e-04 1.9774208e-05 1.1570997e-04 4.4460730e-06]
Label: clip    Predictions: [1.2316553e-04 9.7020006e-01 2.3793487e-05 1.9166011e-02 1.2807324e-04
 8.3573880e-03 1.6938114e-03 4.3240816e-05 2.5570169e-04 8.6677810e-06]
Label: clip    Predictions: [8.0322825e-05 9.8610604e-01 1.1879024e-05 8.4596891e-03 8.4639898e-05
 4.4779307e-03 6.2503089e-04 2.6048718e-05 1.2314551e-04 5.3404292e-06]
Label: clip    Predictions: [1.04635394e-04 9.75441337e-01 2.37558816e-05 1.64914858e-02
 1.01249403e-04 6.27138885e-03 1.32297084e-03 3.46973393e-05
 2.01995674e-04 6.53915731e-06]
Label: clip    Predictions: [1.1743720e-04 9.7448140e-01 1.9555495e-05 1.6222879e-02 1.0892491e-04
 7.5637335e-03 1.2617665e-03 4.9823495e-05 1.6896173e-04 5.5695114e-06]
Label: clip    Predictions: [1.04635394e-04 9.75441337e-01 2.37558816e-05 1.64914858e-02
 1.01249403e-04 6.27138885e-03 1.32297084e-03 3.46973393e-05
 2.01995674e-04 6.53915731e-06]
Label: clip    Predictions: [1.20830191e-04 9.80604410e-01 1.70726198e-05 1.21209435e-02
 1.16348841e-04 5.71486354e-03 1.05485832e-03 3.25872861e-05
 2.09372010e-04 8.58556086e-06]
Label: clip    Predictions: [1.2250105e-04 9.7441399e-01 2.5185358e-05 1.8378137e-02 1.3789973e-04
 4.8421021e-03 1.7540361e-03 5.1708397e-05 2.6686836e-04 7.5184453e-06]
Label: clip    Predictions: [6.5459673e-05 9.8868692e-01 1.2852139e-05 7.1718898e-03 6.2681713e-05
 3.0533087e-03 7.8838965e-04 2.2510734e-05 1.3111607e-04 4.9098358e-06]
Label: clip    Predictions: [4.1291667e-05 9.8884529e-01 6.3056223e-06 7.0669148e-03 4.9103623e-05
 3.4979109e-03 4.0898463e-04 1.7688129e-05 6.2832827e-05 3.6254887e-06]
Label: clip    Predictions: [1.04635394e-04 9.75441337e-01 2.37558816e-05 1.64914858e-02
 1.01249403e-04 6.27138885e-03 1.32297084e-03 3.46973393e-05
 2.01995674e-04 6.53915731e-06]
Label: clip    Predictions: [8.9431880e-05 9.7553039e-01 1.7233358e-05 1.7928421e-02 1.0414715e-04
 4.1815224e-03 1.8916684e-03 4.3002263e-05 2.0948108e-04 4.7872518e-06]
Label: clip    Predictions: [4.2353069e-05 9.9191976e-01 6.5703184e-06 5.3015612e-03 5.1363233e-05
 2.1496087e-03 4.4320986e-04 2.0084648e-05 6.1966755e-05 3.3876688e-06]
Label: clip    Predictions: [1.04635394e-04 9.75441337e-01 2.37558816e-05 1.64914858e-02
 1.01249403e-04 6.27138885e-03 1.32297084e-03 3.46973393e-05
 2.01995674e-04 6.53915731e-06]
Label: clip    Predictions: [1.20902805e-04 9.70926642e-01 2.70433648e-05 2.00026445e-02
 1.15614952e-04 7.09197717e-03 1.44212565e-03 3.87464024e-05
 2.27073571e-04 7.21749711e-06]
Label: clip    Predictions: [5.55201041e-05 9.83286858e-01 9.31334944e-06 1.29177775e-02
 8.28380144e-05 2.50308635e-03 9.64270497e-04 3.20695108e-05
 1.45047714e-04 3.22809387e-06]
Label: clip    Predictions: [7.7905359e-05 9.7895712e-01 1.2263605e-05 1.5623144e-02 9.3768584e-05
 4.2051668e-03 8.3803013e-04 4.2695698e-05 1.4556233e-04 4.3049790e-06]
Label: clip    Predictions: [1.0944831e-04 9.7049475e-01 2.4371848e-05 2.2465764e-02 1.1673712e-04
 5.2089556e-03 1.3312747e-03 4.1462179e-05 2.0021740e-04 6.9750572e-06]
Label: clip    Predictions: [1.0372163e-04 9.7703594e-01 1.6557837e-05 1.5433277e-02 9.4248520e-05
 5.9841201e-03 1.1415851e-03 4.6081754e-05 1.3911651e-04 5.2182095e-06]
Label: clip    Predictions: [1.04635394e-04 9.75441337e-01 2.37558816e-05 1.64914858e-02
 1.01249403e-04 6.27138885e-03 1.32297084e-03 3.46973393e-05
 2.01995674e-04 6.53915731e-06]
Label: dasani    Predictions: [1.5564346e-04 9.6593785e-01 2.9152230e-05 2.6297346e-02 1.3896057e-04
 5.2029775e-03 1.7720356e-03 4.3729600e-05 4.1509574e-04 7.2838679e-06]
Label: dasani    Predictions: [1.7854290e-04 9.5959944e-01 3.7960104e-05 3.2200739e-02 1.5337220e-04
 5.8420575e-03 1.5114695e-03 6.3273401e-05 4.0418250e-04 8.8347515e-06]
Label: dasani    Predictions: [1.6887837e-04 9.6595454e-01 3.0429852e-05 2.5588192e-02 1.5133813e-04
 5.9889792e-03 1.7127938e-03 4.6650359e-05 3.5002103e-04 8.0798727e-06]
Label: dasani    Predictions: [1.8443319e-04 9.6022654e-01 3.6425059e-05 3.1654883e-02 1.6196334e-04
 5.2869902e-03 1.8564897e-03 5.9926275e-05 5.2403664e-04 8.2981669e-06]
Label: dasani    Predictions: [1.14466122e-04 9.75984812e-01 2.08492693e-05 1.75358057e-02
 1.10657595e-04 4.64858906e-03 1.26539136e-03 3.14779754e-05
 2.80568172e-04 7.38272865e-06]
Label: dasani    Predictions: [1.8530380e-04 9.6035391e-01 3.6438370e-05 3.1555962e-02 1.6395350e-04
 5.2795466e-03 1.8319666e-03 6.0500060e-05 5.2409392e-04 8.2263632e-06]
Label: dasani    Predictions: [2.1062695e-04 9.5867682e-01 4.1921965e-05 3.1496454e-02 1.8714997e-04
 6.6155726e-03 2.1726119e-03 5.9590791e-05 5.2849628e-04 1.0811011e-05]
Label: dasani    Predictions: [1.7915291e-04 9.6046323e-01 3.5869558e-05 3.1594172e-02 1.6528659e-04
 5.2349064e-03 1.7579548e-03 5.9200072e-05 5.0190632e-04 8.2481101e-06]
Label: dasani    Predictions: [1.6886416e-04 9.6596634e-01 3.0423345e-05 2.5580671e-02 1.5132930e-04
 5.9856325e-03 1.7121296e-03 4.6634781e-05 3.4989865e-04 8.0787304e-06]
Label: dasani    Predictions: [1.8340288e-04 9.6022189e-01 3.9181119e-05 3.0394092e-02 1.8571068e-04
 6.3444246e-03 2.0538925e-03 6.5160741e-05 5.0289452e-04 9.3701847e-06]
Label: dasani    Predictions: [1.8257579e-04 9.6506506e-01 3.2875130e-05 2.5409773e-02 1.6129567e-04
 6.8955086e-03 1.8343325e-03 4.8818711e-05 3.6094926e-04 8.8116158e-06]
Label: dasani    Predictions: [1.9401977e-04 9.6104300e-01 3.9119073e-05 2.9303363e-02 1.5807110e-04
 6.6694077e-03 2.0886450e-03 5.1424831e-05 4.4486576e-04 8.0649670e-06]
Label: dasani    Predictions: [1.8783422e-04 9.6109045e-01 3.8515333e-05 2.9996391e-02 1.7963427e-04
 5.9609255e-03 1.9843967e-03 6.2462335e-05 4.8991840e-04 9.4471980e-06]
Label: dasani    Predictions: [1.7100114e-04 9.6545660e-01 3.3584827e-05 2.5969550e-02 1.6397896e-04
 6.0479101e-03 1.7224711e-03 5.4694148e-05 3.7203441e-04 8.1342741e-06]
Label: dasani    Predictions: [1.86212463e-04 9.63240802e-01 3.81566642e-05 2.55220681e-02
 1.90762410e-04 8.10834486e-03 2.23818189e-03 5.81623317e-05
 4.06860665e-04 1.04083965e-05]
Label: dasani    Predictions: [1.6707575e-04 9.6654922e-01 2.9790794e-05 2.4849588e-02 1.5158922e-04
 6.1269058e-03 1.7274128e-03 4.6598085e-05 3.4367302e-04 8.1898670e-06]
Label: dasani    Predictions: [1.6797129e-04 9.6801811e-01 3.0292857e-05 2.3505541e-02 1.4216303e-04
 6.1487500e-03 1.6181109e-03 4.6524478e-05 3.1438982e-04 8.0126892e-06]
Label: dasani    Predictions: [1.7866348e-04 9.6158999e-01 3.4694076e-05 3.0739374e-02 1.5444291e-04
 4.9350942e-03 1.7969550e-03 5.7433776e-05 5.0543674e-04 7.8719586e-06]
Label: dasani    Predictions: [1.8033030e-04 9.6066540e-01 3.5651861e-05 3.1162074e-02 1.7187164e-04
 5.3461534e-03 1.8541464e-03 6.0922193e-05 5.1538530e-04 8.1403141e-06]
Label: dasani    Predictions: [1.8665729e-04 9.6015167e-01 3.8908154e-05 3.1525631e-02 1.6425685e-04
 6.0299556e-03 1.4242351e-03 6.2247615e-05 4.0749722e-04 8.9421519e-06]
Label: glue    Predictions: [5.8510195e-05 9.8217046e-01 1.3822035e-05 1.1748939e-02 6.3869797e-05
 4.6078968e-03 1.1677803e-03 2.3639939e-05 1.3845554e-04 6.5573413e-06]
Label: glue    Predictions: [6.9421141e-05 9.8391277e-01 1.4441153e-05 1.0227630e-02 8.3553678e-05
 4.3838513e-03 1.1163570e-03 3.0253525e-05 1.5593383e-04 5.7783759e-06]
Label: glue    Predictions: [1.1252305e-04 9.7165561e-01 2.3340534e-05 1.4962022e-02 1.2229623e-04
 1.1453241e-02 1.5174844e-03 4.4623510e-05 9.4020834e-05 1.5022672e-05]
Label: glue    Predictions: [1.1821230e-04 9.7062945e-01 2.5500041e-05 1.6031507e-02 1.2460310e-04
 1.1253025e-02 1.6490835e-03 4.6856559e-05 1.0670367e-04 1.4960739e-05]
Label: glue    Predictions: [9.6027674e-05 9.8358375e-01 1.5593007e-05 9.1251703e-03 1.0811385e-04
 5.4504266e-03 1.4529424e-03 3.4009736e-05 1.2543437e-04 8.5625516e-06]
Label: glue    Predictions: [7.9421916e-05 9.8167026e-01 1.5749125e-05 1.3115618e-02 7.8063633e-05
 3.6065753e-03 1.2077967e-03 2.4622655e-05 1.9652706e-04 5.3054514e-06]
Label: glue    Predictions: [4.4431614e-05 9.8668969e-01 8.4988906e-06 9.2528677e-03 5.4160515e-05
 3.1537607e-03 6.6712889e-04 2.2475311e-05 1.0331802e-04 3.6427402e-06]
Label: glue    Predictions: [1.2555072e-04 9.6472067e-01 2.4698174e-05 2.8680060e-02 1.2212306e-04
 4.5084045e-03 1.5352421e-03 4.6118199e-05 2.3054790e-04 6.5202867e-06]
Label: glue    Predictions: [9.2002796e-05 9.7670001e-01 1.7973813e-05 1.5536679e-02 1.0808947e-04
 5.7700309e-03 1.5283081e-03 3.4106517e-05 2.0463597e-04 8.0580194e-06]
Label: glue    Predictions: [8.9864057e-05 9.7729957e-01 1.8035309e-05 1.7149735e-02 9.0463727e-05
 3.9073881e-03 1.1849286e-03 2.7800539e-05 2.2649765e-04 5.6826329e-06]
Label: glue    Predictions: [3.1082309e-05 9.8891258e-01 7.3193132e-06 6.6105160e-03 4.3692256e-05
 3.6003122e-03 7.0852786e-04 1.8518771e-05 6.3541862e-05 3.9404531e-06]
Label: glue    Predictions: [6.3070474e-05 9.8668659e-01 1.1365906e-05 8.6988620e-03 7.3486437e-05
 3.2518357e-03 1.0639519e-03 2.1625136e-05 1.2357718e-04 5.5958849e-06]
Label: glue    Predictions: [6.8419926e-05 9.8484486e-01 1.3053936e-05 9.3062082e-03 7.8346551e-05
 4.3459623e-03 1.2079010e-03 2.7546797e-05 1.0018603e-04 7.4780082e-06]
Label: glue    Predictions: [1.18844895e-04 9.76216495e-01 1.80147708e-05 1.14853326e-02
 1.39418291e-04 8.99439864e-03 2.86696036e-03 4.28606945e-05
 1.04566359e-04 1.30667631e-05]
Label: glue    Predictions: [5.5408364e-05 9.8983932e-01 9.2086329e-06 6.0212128e-03 6.0515733e-05
 2.9421938e-03 9.8025962e-04 1.6277589e-05 6.9995527e-05 5.6905437e-06]
Label: glue    Predictions: [3.4456476e-05 9.8918557e-01 7.7710456e-06 6.4480728e-03 3.7993465e-05
 3.7396802e-03 4.5279510e-04 1.2659279e-05 7.7102959e-05 3.9639021e-06]
Label: glue    Predictions: [4.6576228e-05 9.8522830e-01 9.5037185e-06 9.5973555e-03 6.1533407e-05
 4.1212849e-03 8.0357131e-04 2.2179169e-05 1.0358191e-04 6.1167234e-06]
Label: glue    Predictions: [5.2058742e-05 9.8799568e-01 1.0004461e-05 7.4971165e-03 5.5699758e-05
 3.3786579e-03 8.5678813e-04 2.2383310e-05 1.2720023e-04 4.5300017e-06]
Label: glue    Predictions: [1.10134381e-04 9.80692267e-01 1.77456222e-05 9.84920189e-03
 1.11607456e-04 7.49411387e-03 1.56038138e-03 3.69882255e-05
 1.17836018e-04 9.71962709e-06]
Label: glue    Predictions: [2.3621213e-05 9.9274868e-01 5.1739539e-06 4.5217318e-03 3.9458730e-05
 1.9619351e-03 6.2165776e-04 1.2508014e-05 6.2958730e-05 2.2372635e-06]
Label: spray_bottle    Predictions: [1.7889845e-04 9.6553868e-01 3.3548720e-05 2.6245084e-02 1.5439212e-04
 5.5486900e-03 1.7942905e-03 5.6511439e-05 4.4084457e-04 9.1112943e-06]
Label: spray_bottle    Predictions: [1.7890371e-04 9.6483994e-01 3.3223165e-05 2.6119916e-02 1.7008239e-04
 6.2472033e-03 1.8889918e-03 5.7823101e-05 4.5411981e-04 9.8125383e-06]
Label: spray_bottle    Predictions: [1.7705193e-04 9.6475798e-01 3.4879955e-05 2.6757795e-02 1.6253103e-04
 5.6369458e-03 1.9203753e-03 5.5137360e-05 4.8760770e-04 9.7835509e-06]
Label: spray_bottle    Predictions: [1.9841772e-04 9.6041024e-01 3.9271894e-05 3.0348085e-02 1.7347993e-04
 6.2262001e-03 2.0329682e-03 5.9781156e-05 5.0135073e-04 1.0326237e-05]
Label: spray_bottle    Predictions: [1.5492676e-04 9.6752310e-01 3.0953455e-05 2.5108840e-02 1.4391899e-04
 4.6745702e-03 1.8721806e-03 5.2903404e-05 4.3032216e-04 8.3292061e-06]
Label: spray_bottle    Predictions: [1.8335445e-04 9.6261775e-01 3.6677709e-05 2.8598813e-02 1.6040084e-04
 5.9915134e-03 1.8761471e-03 5.8536800e-05 4.6748403e-04 9.3189601e-06]
Label: spray_bottle    Predictions: [1.6230748e-04 9.6786803e-01 3.0895702e-05 2.4387412e-02 1.5571817e-04
 5.0657620e-03 1.8717626e-03 5.4960063e-05 3.9393976e-04 9.1582724e-06]
Label: spray_bottle    Predictions: [1.7992200e-04 9.6532261e-01 3.5485315e-05 2.5801545e-02 1.6840018e-04
 5.9928582e-03 1.9895989e-03 5.7250869e-05 4.4200194e-04 1.0300956e-05]
Label: spray_bottle    Predictions: [1.7325795e-04 9.6463025e-01 3.2118925e-05 2.7323773e-02 1.6198853e-04
 5.2256291e-03 1.9644208e-03 5.2830303e-05 4.2630659e-04 9.4104926e-06]
Label: spray_bottle    Predictions: [1.7075987e-04 9.6153718e-01 3.3751101e-05 2.9970778e-02 1.6136303e-04
 5.6080669e-03 1.9914091e-03 5.4467429e-05 4.6393889e-04 8.3271689e-06]
Label: spray_bottle    Predictions: [1.9391342e-04 9.6013069e-01 3.6917547e-05 3.1380665e-02 1.6022050e-04
 5.5482946e-03 1.9654380e-03 5.9572267e-05 5.1505060e-04 9.3049057e-06]
Label: spray_bottle    Predictions: [1.5916859e-04 9.6645099e-01 3.0202917e-05 2.5862174e-02 1.4272188e-04
 5.1093912e-03 1.7670637e-03 5.2874424e-05 4.1661263e-04 8.6938444e-06]
Label: spray_bottle    Predictions: [1.5492676e-04 9.6752310e-01 3.0953455e-05 2.5108840e-02 1.4391899e-04
 4.6745702e-03 1.8721806e-03 5.2903404e-05 4.3032216e-04 8.3292061e-06]
Label: spray_bottle    Predictions: [1.8026895e-04 9.6190035e-01 3.5412970e-05 2.9503733e-02 1.6150052e-04
 5.7662055e-03 1.9098689e-03 5.7061126e-05 4.7647068e-04 9.1866377e-06]
Label: spray_bottle    Predictions: [1.6961181e-04 9.6645230e-01 3.2419732e-05 2.5892699e-02 1.5146985e-04
 4.9177669e-03 1.8771327e-03 5.4744760e-05 4.4318757e-04 8.7076633e-06]
Label: spray_bottle    Predictions: [1.5538032e-04 9.6685457e-01 2.9300700e-05 2.5675753e-02 1.4598190e-04
 4.9336902e-03 1.6974731e-03 5.4671105e-05 4.4515508e-04 8.0870768e-06]
Label: spray_bottle    Predictions: [1.5909880e-04 9.6452403e-01 3.2513854e-05 2.8089667e-02 1.4851094e-04
 4.6805288e-03 1.8442553e-03 5.3138410e-05 4.6015452e-04 8.0840191e-06]
Label: spray_bottle    Predictions: [1.8509902e-04 9.6082354e-01 3.7185542e-05 3.0498803e-02 1.6982433e-04
 5.6941481e-03 2.0215695e-03 6.0647861e-05 5.0004531e-04 9.1859147e-06]
Label: spray_bottle    Predictions: [1.6764809e-04 9.6306551e-01 3.4543158e-05 2.8967809e-02 1.5632719e-04
 5.1063602e-03 1.9916880e-03 5.5973713e-05 4.4568081e-04 8.4615649e-06]
Label: spray_bottle    Predictions: [1.8644931e-04 9.6235454e-01 3.5031117e-05 2.9344320e-02 1.6399279e-04
 5.5762921e-03 1.7854646e-03 5.5319259e-05 4.8875564e-04 9.8501578e-06]
Label: toothbrushes    Predictions: [9.22323743e-05 9.90828156e-01 1.21637813e-05 4.16757120e-03
 8.79820509e-05 4.10107989e-03 5.82772540e-04 1.58840612e-05
 1.02614635e-04 9.43904615e-06]
Label: toothbrushes    Predictions: [9.6972239e-05 9.8972601e-01 1.3943290e-05 5.1169740e-03 8.6274151e-05
 4.0417863e-03 7.8412239e-04 1.7759028e-05 1.0369252e-04 1.2369042e-05]
Label: toothbrushes    Predictions: [8.9069705e-05 9.8889321e-01 1.1988640e-05 5.3054648e-03 9.0019043e-05
 4.7384780e-03 7.2711898e-04 1.7598193e-05 1.1792777e-04 8.9947689e-06]
Label: toothbrushes    Predictions: [1.6560376e-04 9.6621543e-01 3.2050742e-05 2.1859419e-02 1.4308035e-04
 9.8015843e-03 1.5618096e-03 4.4443634e-05 1.6667087e-04 9.9397139e-06]
Label: toothbrushes    Predictions: [1.6970981e-04 9.6334082e-01 3.4939203e-05 2.3958212e-02 1.6771951e-04
 1.0426409e-02 1.6852070e-03 4.6890185e-05 1.5963877e-04 1.0431917e-05]
Label: toothbrushes    Predictions: [1.7213814e-04 9.6366560e-01 3.2290296e-05 2.6344612e-02 1.4420491e-04
 7.4742786e-03 1.9007333e-03 4.9679478e-05 2.0839187e-04 8.1149574e-06]
Label: toothbrushes    Predictions: [1.05256331e-04 9.77015793e-01 1.78990467e-05 1.72735490e-02
 1.21364035e-04 3.45147401e-03 1.80962740e-03 3.42736239e-05
 1.64628887e-04 6.04041225e-06]
Label: toothbrushes    Predictions: [1.4041801e-04 9.6928865e-01 3.3091990e-05 1.9142989e-02 1.6089287e-04
 9.5470995e-03 1.4384021e-03 5.1626314e-05 1.8681370e-04 1.0122242e-05]
Label: toothbrushes    Predictions: [8.6606458e-05 9.8226005e-01 1.3653015e-05 1.3753309e-02 8.7783257e-05
 2.5550968e-03 1.0131364e-03 3.2394706e-05 1.9405746e-04 3.9066367e-06]
Label: toothbrushes    Predictions: [4.6638368e-05 9.9247944e-01 6.2284316e-06 4.2429259e-03 5.2718926e-05
 2.6168805e-03 4.6735140e-04 1.6039847e-05 6.8044807e-05 3.6367212e-06]
Label: toothbrushes    Predictions: [1.6970981e-04 9.6334082e-01 3.4939203e-05 2.3958212e-02 1.6771951e-04
 1.0426409e-02 1.6852070e-03 4.6890185e-05 1.5963877e-04 1.0431917e-05]
Label: toothbrushes    Predictions: [1.9641663e-04 9.6279746e-01 3.9448401e-05 2.5085144e-02 1.8739275e-04
 9.3009844e-03 2.1142673e-03 6.0351820e-05 2.0661049e-04 1.1925178e-05]
Label: toothbrushes    Predictions: [1.6970981e-04 9.6334082e-01 3.4939203e-05 2.3958212e-02 1.6771951e-04
 1.0426409e-02 1.6852070e-03 4.6890185e-05 1.5963877e-04 1.0431917e-05]
Label: toothbrushes    Predictions: [3.7729456e-05 9.8249638e-01 7.9742686e-06 1.3471050e-02 5.7759960e-05
 2.8177998e-03 1.0043238e-03 2.1171189e-05 8.2037492e-05 3.8649732e-06]
Label: toothbrushes    Predictions: [1.3277424e-04 9.6687496e-01 2.7423352e-05 2.4951871e-02 1.4865400e-04
 5.6170099e-03 1.9984366e-03 4.5141303e-05 1.9769272e-04 6.1072656e-06]
Label: toothbrushes    Predictions: [1.03934384e-04 9.80231225e-01 1.78153987e-05 1.24035785e-02
 1.01161313e-04 5.79519570e-03 1.17730978e-03 3.09546667e-05
 1.31030378e-04 7.78389131e-06]
Label: toothbrushes    Predictions: [2.8354109e-05 9.8773044e-01 7.5271982e-06 7.1296371e-03 5.7654968e-05
 4.3724226e-03 5.6743791e-04 1.5876876e-05 8.6506545e-05 4.0224190e-06]
Label: toothbrushes    Predictions: [2.6150761e-05 9.8438245e-01 5.4322722e-06 1.2584992e-02 4.4403110e-05
 2.0893214e-03 7.7833189e-04 1.7638704e-05 6.8288275e-05 2.9892817e-06]
Label: toothbrushes    Predictions: [7.7607365e-05 9.8191684e-01 1.3576081e-05 1.2741428e-02 7.6690565e-05
 4.1213939e-03 8.9814648e-04 2.6609514e-05 1.2169410e-04 6.0471261e-06]
Label: toothbrushes    Predictions: [1.0569910e-04 9.8060852e-01 1.6980055e-05 1.2433822e-02 9.8454970e-05
 5.2998732e-03 1.2553966e-03 3.3359607e-05 1.4018877e-04 7.6706019e-06]
Label: toothpaste    Predictions: [1.5213223e-04 9.6372008e-01 3.7788039e-05 2.4342967e-02 1.7423890e-04
 9.0595046e-03 2.1123977e-03 3.9728780e-05 3.4902958e-04 1.2219290e-05]
Label: toothpaste    Predictions: [1.39110489e-04 9.63349521e-01 3.49276233e-05 2.39961240e-02
 1.54118185e-04 9.82140936e-03 2.14146962e-03 4.24526079e-05
 3.10022762e-04 1.09782395e-05]
Label: toothpaste    Predictions: [1.3888908e-04 9.7234589e-01 2.4854156e-05 1.8711744e-02 1.2123760e-04
 6.4188992e-03 1.8983461e-03 4.4343677e-05 2.8476102e-04 1.1035824e-05]
Label: toothpaste    Predictions: [1.3888908e-04 9.7234589e-01 2.4854156e-05 1.8711744e-02 1.2123760e-04
 6.4188992e-03 1.8983461e-03 4.4343677e-05 2.8476102e-04 1.1035824e-05]
Label: toothpaste    Predictions: [1.10481385e-04 9.75793064e-01 1.99140268e-05 1.63649283e-02
 1.08778491e-04 5.91390813e-03 1.43958151e-03 3.64296975e-05
 2.02373616e-04 1.04716601e-05]
Label: toothpaste    Predictions: [1.2940432e-04 9.6982700e-01 2.4807079e-05 2.1712758e-02 1.2340171e-04
 6.1862734e-03 1.6512013e-03 4.0234198e-05 2.9665523e-04 8.3811574e-06]
Label: toothpaste    Predictions: [1.23022226e-04 9.67819691e-01 2.38581797e-05 1.91822480e-02
 1.11874855e-04 1.06971553e-02 1.81817578e-03 4.03945778e-05
 1.73801454e-04 9.75874991e-06]
Label: toothpaste    Predictions: [1.21316276e-04 9.73073304e-01 2.20525581e-05 1.87534448e-02
 1.11333604e-04 6.04559202e-03 1.57456961e-03 3.64082771e-05
 2.52875179e-04 9.03605269e-06]
Label: toothpaste    Predictions: [1.40792603e-04 9.71627951e-01 2.49699624e-05 1.94368139e-02
 1.22384692e-04 6.36437815e-03 1.93648273e-03 4.61335476e-05
 2.89135147e-04 1.09463035e-05]
Label: toothpaste    Predictions: [1.2536620e-04 9.7388679e-01 2.3237611e-05 1.7964462e-02 1.1342018e-04
 5.8764960e-03 1.7026915e-03 3.8962469e-05 2.5811864e-04 1.0465196e-05]
Label: toothpaste    Predictions: [1.3888908e-04 9.7234589e-01 2.4854156e-05 1.8711744e-02 1.2123760e-04
 6.4188992e-03 1.8983461e-03 4.4343677e-05 2.8476102e-04 1.1035824e-05]
Label: toothpaste    Predictions: [1.2541504e-04 9.7049010e-01 2.3403625e-05 2.2003636e-02 1.2488701e-04
 5.2996404e-03 1.5538988e-03 3.8877934e-05 3.3277186e-04 7.4100972e-06]
Label: toothpaste    Predictions: [1.0461203e-04 9.7222602e-01 2.0311825e-05 2.1112682e-02 1.1036216e-04
 4.5156754e-03 1.5848797e-03 3.9039842e-05 2.8039829e-04 5.9738359e-06]
Label: toothpaste    Predictions: [1.3888908e-04 9.7234589e-01 2.4854156e-05 1.8711744e-02 1.2123760e-04
 6.4188992e-03 1.8983461e-03 4.4343677e-05 2.8476102e-04 1.1035824e-05]
Label: toothpaste    Predictions: [1.4098654e-04 9.6244115e-01 3.4829987e-05 2.5305277e-02 1.4655304e-04
 9.3107624e-03 2.2370361e-03 3.8466496e-05 3.3413488e-04 1.0773766e-05]
Label: toothpaste    Predictions: [1.7727238e-04 9.5877486e-01 3.6719273e-05 2.8360039e-02 1.4712088e-04
 1.0102661e-02 2.0353775e-03 3.9855317e-05 3.1607252e-04 9.9674689e-06]
Label: toothpaste    Predictions: [1.8171224e-04 9.6244895e-01 3.9426523e-05 2.5159933e-02 1.6334298e-04
 9.6498001e-03 1.9269916e-03 4.4592034e-05 3.7402316e-04 1.1306224e-05]
Label: toothpaste    Predictions: [1.7535791e-04 9.5874947e-01 3.8540642e-05 2.8401822e-02 1.4937973e-04
 1.0070583e-02 2.0437203e-03 4.3066480e-05 3.1807617e-04 1.0071546e-05]
Label: toothpaste    Predictions: [1.8632588e-04 9.6477091e-01 3.4778914e-05 2.4319345e-02 1.6339000e-04
 8.5366424e-03 1.5993305e-03 4.4368597e-05 3.3406468e-04 1.0807017e-05]
Label: toothpaste    Predictions: [1.38528776e-04 9.64365304e-01 2.89972213e-05 2.52465177e-02
 1.63105404e-04 8.19336902e-03 1.50090817e-03 5.17469998e-05
 3.00358341e-04 1.11954605e-05]
Label: watermelon    Predictions: [1.9822737e-04 9.5380956e-01 4.2719283e-05 3.6504619e-02 1.9006681e-04
 6.4502410e-03 2.2016149e-03 6.4050393e-05 5.2848109e-04 1.0469170e-05]
Label: watermelon    Predictions: [2.0164219e-04 9.5628035e-01 4.1840944e-05 3.3967674e-02 1.9008057e-04
 6.3756756e-03 2.3115834e-03 6.9542279e-05 5.5089674e-04 1.0640780e-05]
Label: watermelon    Predictions: [1.9137078e-04 9.5547205e-01 4.1202838e-05 3.4731712e-02 1.8120902e-04
 6.5789670e-03 2.2137803e-03 6.4664033e-05 5.1501935e-04 1.0107681e-05]
Label: watermelon    Predictions: [1.7997973e-04 9.5821816e-01 3.5500525e-05 3.3519577e-02 1.6263472e-04
 5.3633112e-03 1.8969706e-03 6.2897598e-05 5.5237720e-04 8.4912235e-06]
Label: watermelon    Predictions: [1.9934028e-04 9.5397115e-01 4.2131276e-05 3.6848553e-02 1.7922388e-04
 6.1124293e-03 2.0168719e-03 6.8734509e-05 5.5233808e-04 9.2482096e-06]
Label: watermelon    Predictions: [1.9934028e-04 9.5397115e-01 4.2131276e-05 3.6848553e-02 1.7922388e-04
 6.1124293e-03 2.0168719e-03 6.8734509e-05 5.5233808e-04 9.2482096e-06]
Label: watermelon    Predictions: [1.8569148e-04 9.5482934e-01 4.0450952e-05 3.5659634e-02 1.7862969e-04
 6.4358413e-03 2.0937212e-03 6.2687519e-05 5.0441531e-04 9.7305756e-06]
Label: watermelon    Predictions: [1.8360399e-04 9.5655245e-01 3.8475762e-05 3.4652144e-02 1.7059348e-04
 5.7552173e-03 2.0579654e-03 6.3785665e-05 5.1697291e-04 8.8585111e-06]
Label: watermelon    Predictions: [1.9890572e-04 9.5375609e-01 4.3036853e-05 3.6457203e-02 1.8810549e-04
 6.5703215e-03 2.1860714e-03 6.4293119e-05 5.2562839e-04 1.0429461e-05]
Label: watermelon    Predictions: [1.8809560e-04 9.5901686e-01 3.8517916e-05 3.2110970e-02 1.8002446e-04
 5.8029261e-03 2.0821905e-03 6.4126492e-05 5.0680630e-04 9.5203241e-06]
Label: watermelon    Predictions: [1.9822737e-04 9.5380956e-01 4.2719283e-05 3.6504619e-02 1.9006681e-04
 6.4502410e-03 2.2016149e-03 6.4050393e-05 5.2848109e-04 1.0469170e-05]
Label: watermelon    Predictions: [1.9728042e-04 9.5662332e-01 4.0078379e-05 3.4324810e-02 1.7714585e-04
 6.0336264e-03 1.9556389e-03 6.4474909e-05 5.7407137e-04 9.5747155e-06]
Label: watermelon    Predictions: [1.8126138e-04 9.5605898e-01 3.8773353e-05 3.5234675e-02 1.7019910e-04
 5.7117450e-03 1.9999102e-03 6.5509368e-05 5.3027354e-04 8.7067365e-06]
Label: watermelon    Predictions: [1.8090849e-04 9.5949221e-01 3.5555284e-05 3.2130517e-02 1.6772232e-04
 5.5639762e-03 1.8125355e-03 6.5430992e-05 5.4265180e-04 8.5483362e-06]
Label: watermelon    Predictions: [1.9753912e-04 9.5307124e-01 4.2062959e-05 3.7648745e-02 1.8168727e-04
 6.1669964e-03 2.0801129e-03 6.8000896e-05 5.3444633e-04 9.0740605e-06]
Label: watermelon    Predictions: [1.9272362e-04 9.5582253e-01 4.1140393e-05 3.5222720e-02 1.7559754e-04
 5.9315264e-03 2.0039417e-03 6.5826098e-05 5.3512317e-04 8.9951855e-06]
Label: watermelon    Predictions: [1.9293882e-04 9.5455831e-01 4.0313367e-05 3.6218334e-02 1.7940725e-04
 6.1656074e-03 2.0151583e-03 6.7355271e-05 5.5351492e-04 8.9322120e-06]
Label: watermelon    Predictions: [1.8349278e-04 9.5712334e-01 3.8337370e-05 3.3754498e-02 1.6811001e-04
 6.2348205e-03 1.9104996e-03 6.1265229e-05 5.1658635e-04 9.0667836e-06]
Label: watermelon    Predictions: [1.9290783e-04 9.5487028e-01 4.0986051e-05 3.5941374e-02 1.7907556e-04
 6.1169122e-03 2.0619542e-03 6.6991444e-05 5.2041619e-04 8.9567156e-06]
Label: watermelon    Predictions: [1.8793563e-04 9.5673299e-01 4.1321437e-05 3.4219991e-02 1.7993088e-04
 6.0147350e-03 2.0489590e-03 6.1600302e-05 5.0304184e-04 9.4744009e-06]
Label: wipes    Predictions: [1.0014131e-04 9.8224455e-01 1.8110461e-05 1.1549433e-02 1.2203008e-04
 4.5336559e-03 1.2314683e-03 3.4239765e-05 1.6028759e-04 6.0961811e-06]
Label: wipes    Predictions: [1.67748789e-04 9.65879798e-01 3.96560681e-05 1.97259001e-02
 1.75082430e-04 1.16787553e-02 2.08698749e-03 4.58678405e-05
 1.89827755e-04 1.02963795e-05]
Label: wipes    Predictions: [1.3312204e-04 9.7863996e-01 2.4543559e-05 1.4494469e-02 9.5945870e-05
 4.8442720e-03 1.5256028e-03 3.6414960e-05 1.9987683e-04 5.7806387e-06]
Label: wipes    Predictions: [7.9642552e-05 9.8528314e-01 1.3550904e-05 1.0464825e-02 8.9229288e-05
 2.8353091e-03 9.9712063e-04 2.9115161e-05 2.0452289e-04 3.4560026e-06]
Label: wipes    Predictions: [1.3809843e-04 9.6652758e-01 2.8182059e-05 2.5305241e-02 1.7004079e-04
 5.0697341e-03 2.2818297e-03 4.7063026e-05 4.2497637e-04 7.2529665e-06]
Label: wipes    Predictions: [1.3525963e-04 9.7003889e-01 2.9991164e-05 2.2771848e-02 1.0837396e-04
 4.5639090e-03 2.0089564e-03 3.9490558e-05 2.9731973e-04 5.9012355e-06]
Label: wipes    Predictions: [1.16945135e-04 9.73871171e-01 2.20507591e-05 1.79205853e-02
 1.03443555e-04 6.27306849e-03 1.44297618e-03 3.03247725e-05
 2.12282554e-04 7.16709246e-06]
Label: wipes    Predictions: [1.2344330e-04 9.7930741e-01 2.1885000e-05 1.4704510e-02 9.2616880e-05
 4.1562770e-03 1.3610320e-03 3.4033848e-05 1.9338742e-04 5.5385581e-06]
Label: wipes    Predictions: [6.6423680e-05 9.8778361e-01 1.0875492e-05 8.0772685e-03 6.6245411e-05
 3.0287765e-03 8.2860282e-04 2.7949560e-05 1.0694040e-04 3.3875440e-06]
Label: wipes    Predictions: [7.3631498e-05 9.8687452e-01 9.8738219e-06 9.1493102e-03 6.7193687e-05
 2.8800073e-03 8.0241653e-04 2.8245966e-05 1.1154791e-04 3.1227273e-06]
Label: wipes    Predictions: [1.12002424e-04 9.70910132e-01 2.89844265e-05 1.82233192e-02
 1.29230582e-04 8.26115627e-03 2.01859185e-03 5.49691613e-05
 2.53334874e-04 8.29588953e-06]
Label: wipes    Predictions: [8.8365749e-05 9.7437149e-01 1.7477149e-05 1.9314149e-02 9.0296991e-05
 4.8029148e-03 1.0703153e-03 4.0354982e-05 1.9842024e-04 6.0727352e-06]
Label: wipes    Predictions: [6.3447602e-05 9.8455411e-01 1.0521597e-05 1.1435806e-02 5.8711066e-05
 2.9772723e-03 7.5388269e-04 2.2356411e-05 1.1994626e-04 3.9032479e-06]
Label: wipes    Predictions: [4.1950043e-05 9.8946720e-01 7.5128555e-06 7.4464646e-03 5.7966692e-05
 2.2765535e-03 5.7801505e-04 1.8801575e-05 1.0265454e-04 2.7992189e-06]
Label: wipes    Predictions: [1.1977023e-04 9.7518790e-01 2.3411827e-05 1.8130215e-02 8.9337838e-05
 4.6062414e-03 1.6207251e-03 3.4140437e-05 1.8250225e-04 5.8145847e-06]
Label: wipes    Predictions: [1.1055553e-04 9.7858548e-01 2.0334128e-05 1.4613566e-02 9.4399969e-05
 5.2353684e-03 1.1277507e-03 2.9551973e-05 1.7610521e-04 6.8892305e-06]
Label: wipes    Predictions: [8.0618855e-05 9.8597383e-01 1.2212519e-05 1.0674519e-02 7.5974138e-05
 1.6628853e-03 1.2829882e-03 2.8416900e-05 2.0551238e-04 3.0920990e-06]
Label: wipes    Predictions: [5.6115692e-05 9.8351341e-01 1.1727440e-05 1.2252715e-02 6.5110187e-05
 2.7459457e-03 1.1734724e-03 2.9626528e-05 1.4811032e-04 3.6964689e-06]
Label: wipes    Predictions: [4.97067886e-05 9.80847597e-01 1.11489117e-05 1.42152775e-02
 6.32906595e-05 3.57055524e-03 1.06367131e-03 3.09564712e-05
 1.43441794e-04 4.32414572e-06]
Label: wipes    Predictions: [1.2344330e-04 9.7930741e-01 2.1885000e-05 1.4704510e-02 9.2616880e-05
 4.1562770e-03 1.3610320e-03 3.4033848e-05 1.9338742e-04 5.5385581e-06]
Label: zoink    Predictions: [9.4887946e-05 9.7850651e-01 1.9260107e-05 1.3702433e-02 8.4715466e-05
 6.5235002e-03 8.5701031e-04 3.2308486e-05 1.7109257e-04 8.4197927e-06]
Label: zoink    Predictions: [8.7028471e-05 9.8535258e-01 1.4751622e-05 9.5432624e-03 7.3695541e-05
 3.6742482e-03 1.0662429e-03 2.4698877e-05 1.5772850e-04 5.7387542e-06]
Label: zoink    Predictions: [1.2245777e-04 9.7500575e-01 2.3492616e-05 1.6282741e-02 1.0777836e-04
 6.8144109e-03 1.3297629e-03 3.8886152e-05 2.6511995e-04 9.5923742e-06]
Label: zoink    Predictions: [1.0332122e-04 9.8134297e-01 2.0212352e-05 1.1652236e-02 1.0189987e-04
 5.5805864e-03 9.7146281e-04 2.7417480e-05 1.9064783e-04 9.2500341e-06]
Label: zoink    Predictions: [1.6040582e-04 9.6340710e-01 3.2430766e-05 2.8199513e-02 1.4588231e-04
 5.6615933e-03 1.8766052e-03 5.4129607e-05 4.5406379e-04 8.3064451e-06]
Label: zoink    Predictions: [9.57133816e-05 9.78964090e-01 1.96157780e-05 1.37470355e-02
 9.22597828e-05 5.99172758e-03 8.96694604e-04 2.89853760e-05
 1.55533533e-04 8.27359599e-06]
Label: zoink    Predictions: [1.6673165e-04 9.6379173e-01 3.3525761e-05 2.7809648e-02 1.5205273e-04
 5.6669307e-03 1.8762707e-03 5.3502066e-05 4.4165738e-04 8.0889822e-06]
Label: zoink    Predictions: [1.2229872e-04 9.7534162e-01 2.3835984e-05 1.5194145e-02 1.1345742e-04
 7.6662907e-03 1.2968444e-03 3.3462013e-05 1.9818202e-04 9.7784623e-06]
Label: zoink    Predictions: [6.9546470e-05 9.8621100e-01 1.3029962e-05 8.5606631e-03 7.0360897e-05
 4.2660008e-03 6.7486445e-04 2.3668652e-05 1.0420596e-04 6.6544571e-06]
Label: zoink    Predictions: [9.2793962e-05 9.8541564e-01 1.4590013e-05 9.7499266e-03 8.5422398e-05
 3.4784963e-03 9.5797144e-04 2.7307457e-05 1.7185033e-04 6.0073939e-06]
Label: zoink    Predictions: [5.9805894e-05 9.8599410e-01 1.3442558e-05 8.9008650e-03 6.1898776e-05
 3.9927177e-03 8.2191947e-04 2.4375964e-05 1.2580615e-04 4.9781074e-06]
Label: zoink    Predictions: [1.1668961e-04 9.7769064e-01 1.9509775e-05 1.5104301e-02 9.7996446e-05
 5.4698186e-03 1.2644890e-03 3.1751682e-05 1.9431554e-04 1.0518804e-05]
Label: zoink    Predictions: [9.57133816e-05 9.78964090e-01 1.96157780e-05 1.37470355e-02
 9.22597828e-05 5.99172758e-03 8.96694604e-04 2.89853760e-05
 1.55533533e-04 8.27359599e-06]
Label: zoink    Predictions: [9.57133816e-05 9.78964090e-01 1.96157780e-05 1.37470355e-02
 9.22597828e-05 5.99172758e-03 8.96694604e-04 2.89853760e-05
 1.55533533e-04 8.27359599e-06]
Label: zoink    Predictions: [1.2229872e-04 9.7534162e-01 2.3835984e-05 1.5194145e-02 1.1345742e-04
 7.6662907e-03 1.2968444e-03 3.3462013e-05 1.9818202e-04 9.7784623e-06]
Label: zoink    Predictions: [1.6226475e-04 9.6441555e-01 3.1824464e-05 2.6485045e-02 1.4881777e-04
 6.6232909e-03 1.6483751e-03 5.5042517e-05 4.2060032e-04 9.2639120e-06]
Label: zoink    Predictions: [1.0843400e-04 9.7988963e-01 2.0647913e-05 1.2715105e-02 9.9973076e-05
 5.9275860e-03 9.9203375e-04 2.8255934e-05 2.0923917e-04 9.0450758e-06]
Label: zoink    Predictions: [8.6426560e-05 9.8395294e-01 1.4786687e-05 1.0516844e-02 8.6776818e-05
 4.2810333e-03 8.7634672e-04 3.0394354e-05 1.4730984e-04 7.0366323e-06]
Label: zoink    Predictions: [1.2085970e-04 9.7590065e-01 2.4073499e-05 1.5054509e-02 1.1569394e-04
 7.2348760e-03 1.2613029e-03 3.3116947e-05 2.4461339e-04 1.0248903e-05]
Label: zoink    Predictions: [8.10054553e-05 9.84011769e-01 1.36184535e-05 1.14932954e-02
 8.65470356e-05 3.20685399e-03 8.98731116e-04 3.56956189e-05
 1.67266015e-04 5.17708304e-06]
