Label: climbing_hold    Predictions: [1.0000000e+00 0.0000000e+00 0.0000000e+00 4.7795130e-30 0.0000000e+00
 2.5963144e-32 0.0000000e+00 2.6018659e-25 1.4778492e-28 3.6707284e-34]
Label: climbing_hold    Predictions: [1.0000000e+00 1.0353314e-37 0.0000000e+00 1.0092394e-23 4.3659061e-33
 1.0290496e-25 2.0977025e-34 2.6616918e-15 1.0961508e-22 3.1503176e-29]
Label: climbing_hold    Predictions: [1.00000000e+00 4.86906752e-27 3.84597587e-29 6.18829649e-20
 1.05862476e-26 2.09524733e-19 2.52999306e-27 1.88922292e-15
 6.39301981e-20 4.28650103e-23]
Label: climbing_hold    Predictions: [1.0000000e+00 1.5325637e-28 1.8652124e-30 5.5290478e-20 7.7946395e-30
 7.8356112e-20 7.8052061e-29 8.4548023e-16 3.4024776e-20 2.0366986e-23]
Label: climbing_hold    Predictions: [1.0000000e+00 4.8755967e-25 3.2941756e-26 1.2997708e-15 1.5015259e-24
 1.5651211e-16 8.6152438e-24 3.9273076e-15 7.5497990e-18 4.6671503e-18]
Label: climbing_hold    Predictions: [1.0000000e+00 4.0399870e-35 3.7041055e-35 1.0129305e-23 1.5867077e-32
 2.1511638e-25 6.5469555e-33 1.5647741e-17 2.6712716e-24 1.1241684e-28]
Label: climbing_hold    Predictions: [1.0000000e+00 1.6670749e-37 0.0000000e+00 6.6182740e-24 6.3931144e-36
 1.2151270e-27 7.8541232e-38 1.9365189e-16 9.7302648e-24 7.6259622e-31]
Label: climbing_hold    Predictions: [1.0000000e+00 2.3152282e-37 4.1108284e-36 1.2437747e-23 2.0351271e-33
 2.4694563e-25 5.2394895e-36 2.5763416e-20 8.5332731e-25 3.2451446e-27]
Label: climbing_hold    Predictions: [1.0000000e+00 0.0000000e+00 0.0000000e+00 2.1122959e-31 0.0000000e+00
 6.5681744e-31 0.0000000e+00 4.0169740e-24 5.6688718e-28 1.5300005e-34]
Label: climbing_hold    Predictions: [1.0000000e+00 0.0000000e+00 0.0000000e+00 5.8322613e-30 0.0000000e+00
 3.0063136e-32 0.0000000e+00 3.0052006e-25 1.7092940e-28 4.0025753e-34]
Label: climbing_hold    Predictions: [1.00000000e+00 1.36252335e-36 2.11504703e-37 1.08815774e-26
 2.86453940e-35 2.31541557e-28 1.26126727e-37 5.22786452e-23
 2.91688098e-22 2.52958126e-32]
Label: climbing_hold    Predictions: [1.0000000e+00 0.0000000e+00 0.0000000e+00 8.6687728e-26 2.5317301e-35
 9.7811127e-29 3.6882377e-38 1.1559104e-18 1.3528200e-25 1.3179684e-32]
Label: climbing_hold    Predictions: [1.0000000e+00 3.1844251e-30 6.6443753e-33 3.2453650e-21 3.9022604e-32
 1.0403758e-21 8.6975683e-31 4.5681430e-17 1.0607498e-21 1.0466558e-24]
Label: climbing_hold    Predictions: [1.0000000e+00 1.4722707e-31 2.2512790e-34 3.6415855e-23 2.5798441e-34
 4.6609288e-23 2.4044877e-33 5.1743058e-19 5.8781179e-22 2.0710982e-26]
Label: climbing_hold    Predictions: [1.0000000e+00 0.0000000e+00 0.0000000e+00 3.2415143e-30 0.0000000e+00
 1.7731086e-31 0.0000000e+00 1.7577676e-23 8.6856829e-27 1.4070588e-33]
Label: climbing_hold    Predictions: [1.0000000e+00 0.0000000e+00 0.0000000e+00 3.1816566e-30 0.0000000e+00
 2.3132403e-31 0.0000000e+00 2.8370654e-23 1.0112495e-26 8.2143812e-34]
Label: climbing_hold    Predictions: [1.0000000e+00 0.0000000e+00 0.0000000e+00 7.9828329e-30 0.0000000e+00
 9.9420322e-31 0.0000000e+00 6.5631921e-23 3.5533306e-26 1.3814238e-33]
Label: climbing_hold    Predictions: [1.0000000e+00 2.2201552e-37 9.8916883e-37 4.6859594e-23 1.6065929e-33
 5.2980663e-25 3.7527593e-36 8.1392844e-23 1.3693426e-23 3.6484506e-25]
Label: climbing_hold    Predictions: [1.0000000e+00 0.0000000e+00 0.0000000e+00 3.8433192e-30 1.2407608e-38
 4.5714576e-31 0.0000000e+00 6.7819081e-27 3.5714123e-29 8.2648949e-33]
Label: climbing_hold    Predictions: [1.0000000e+00 7.8000888e-36 2.8489000e-36 1.8160973e-25 4.9654839e-33
 4.2080944e-26 7.7338144e-35 4.6225102e-21 3.7670192e-27 4.2544000e-27]
Label: clip    Predictions: [2.1334142e-08 9.9988663e-01 1.2720642e-09 1.1288437e-04 2.7923431e-08
 1.6124950e-07 2.3193412e-07 7.9670357e-08 1.1313655e-08 8.8777510e-09]
Label: clip    Predictions: [2.4501208e-04 9.9094069e-01 5.4051998e-05 3.2787758e-03 1.3257962e-04
 1.3177507e-03 2.4247121e-03 1.4659580e-03 7.0265123e-05 7.0257418e-05]
Label: clip    Predictions: [2.2221714e-06 9.9954349e-01 2.3951799e-07 4.1554566e-04 1.5545363e-06
 1.4025188e-05 8.0598729e-06 1.3572072e-05 3.0257792e-07 9.8469536e-07]
Label: clip    Predictions: [2.4824945e-07 9.9989223e-01 4.0964419e-08 9.9787634e-05 4.0317269e-07
 2.1568706e-06 3.3265019e-06 1.6751062e-06 6.8501549e-08 8.4303835e-08]
Label: clip    Predictions: [1.5807740e-06 9.9965429e-01 3.3685777e-07 2.8639301e-04 3.2214341e-06
 2.1062378e-05 1.3331722e-05 1.7867960e-05 7.1429037e-07 1.2506930e-06]
Label: clip    Predictions: [2.4824945e-07 9.9989223e-01 4.0964419e-08 9.9787634e-05 4.0317269e-07
 2.1568706e-06 3.3265019e-06 1.6751062e-06 6.8501549e-08 8.4303835e-08]
Label: clip    Predictions: [1.9269804e-05 9.9891770e-01 7.3192712e-07 8.4177201e-04 5.4610318e-06
 6.2217805e-05 1.0251166e-04 3.9083796e-05 6.0017583e-06 5.3000044e-06]
Label: clip    Predictions: [8.1727831e-06 9.9925226e-01 1.7305736e-06 6.3633197e-04 4.2409833e-06
 1.2336122e-05 4.0550862e-05 4.0734431e-05 2.6144587e-06 9.3250299e-07]
Label: clip    Predictions: [2.1413683e-07 9.9978238e-01 1.5274718e-08 2.1423766e-04 3.0668772e-07
 1.0623207e-06 1.3689207e-06 1.4171003e-07 2.0994479e-07 7.4699805e-08]
Label: clip    Predictions: [2.3324290e-07 9.9966192e-01 1.3625530e-07 3.0591546e-04 3.4673934e-07
 2.5600066e-05 3.5491719e-06 1.6389581e-06 1.6580111e-07 5.5643528e-07]
Label: clip    Predictions: [2.4824945e-07 9.9989223e-01 4.0964419e-08 9.9787634e-05 4.0317269e-07
 2.1568706e-06 3.3265019e-06 1.6751062e-06 6.8501549e-08 8.4303835e-08]
Label: clip    Predictions: [1.2930863e-06 9.9943906e-01 2.0563213e-07 5.3464418e-04 1.2237944e-06
 9.5380537e-06 5.1926140e-06 8.0279187e-06 3.0539763e-07 5.4546695e-07]
Label: clip    Predictions: [6.7530948e-08 9.9956077e-01 2.3177398e-08 4.3773538e-04 5.8142074e-08
 8.7186714e-07 2.4898051e-07 6.5223809e-08 3.3359605e-08 7.8973208e-08]
Label: clip    Predictions: [2.4824945e-07 9.9989223e-01 4.0964419e-08 9.9787634e-05 4.0317269e-07
 2.1568706e-06 3.3265019e-06 1.6751062e-06 6.8501549e-08 8.4303835e-08]
Label: clip    Predictions: [1.0444023e-06 9.9977440e-01 1.8787601e-07 1.9761919e-04 1.2412169e-06
 7.2534067e-06 1.1790823e-05 5.9231079e-06 2.0284195e-07 2.7707208e-07]
Label: clip    Predictions: [1.2695556e-06 9.9347311e-01 2.0330991e-07 6.5038144e-03 1.0944859e-06
 9.7671855e-06 3.4843313e-06 6.6505495e-06 2.1895522e-07 3.8178933e-07]
Label: clip    Predictions: [2.9554876e-06 9.9407989e-01 5.0323968e-07 5.8577317e-03 2.7978444e-06
 2.7122514e-05 1.1085906e-05 1.6463962e-05 5.2777000e-07 9.4578706e-07]
Label: clip    Predictions: [3.3881225e-08 9.9984777e-01 6.7025741e-10 1.5195689e-04 1.8694116e-08
 9.0099377e-08 9.9490954e-08 5.7475280e-08 3.2664460e-08 1.7795131e-08]
Label: clip    Predictions: [8.1928016e-07 9.9973148e-01 1.6449420e-07 2.3332135e-04 2.3621083e-06
 1.1975816e-05 7.0148326e-06 1.1700529e-05 3.4833488e-07 8.1245798e-07]
Label: clip    Predictions: [2.4824945e-07 9.9989223e-01 4.0964419e-08 9.9787634e-05 4.0317269e-07
 2.1568706e-06 3.3265019e-06 1.6751062e-06 6.8501549e-08 8.4303835e-08]
Label: dasani    Predictions: [0.0000000e+00 0.0000000e+00 1.0000000e+00 1.0299612e-24 6.8676301e-37
 8.1638276e-36 5.1085586e-36 0.0000000e+00 1.4942027e-29 1.3258016e-29]
Label: dasani    Predictions: [1.2023371e-01 1.1896481e-03 5.3883058e-01 4.7250777e-02 2.0372064e-04
 7.5245672e-03 8.9769252e-02 3.4341242e-04 1.8975867e-01 4.8956829e-03]
Label: dasani    Predictions: [0.00000000e+00 0.00000000e+00 1.00000000e+00 3.29677438e-28
 0.00000000e+00 2.91659312e-36 2.90495311e-31 0.00000000e+00
 1.03633165e-36 1.25047947e-28]
Label: dasani    Predictions: [6.25242649e-08 2.83841310e-12 1.10211287e-04 2.53113502e-10
 1.65337310e-11 5.56918600e-08 2.08782343e-08 5.43142484e-12
 9.99889612e-01 1.06107574e-10]
Label: dasani    Predictions: [7.5486934e-36 0.0000000e+00 1.0000000e+00 6.6187217e-26 4.3913240e-35
 1.2743915e-32 5.4529929e-27 0.0000000e+00 1.0616917e-31 3.4156408e-26]
Label: dasani    Predictions: [4.81182880e-08 1.21960862e-12 2.55208521e-04 1.98482064e-10
 3.21118804e-12 1.75107537e-08 7.45199600e-08 4.14527093e-12
 9.99744594e-01 1.05800986e-10]
Label: dasani    Predictions: [2.3270962e-04 2.2243765e-07 1.0202029e-02 9.8513461e-05 5.4181294e-07
 2.9872084e-05 6.9946639e-04 5.5499999e-08 9.8873585e-01 6.8547899e-07]
Label: dasani    Predictions: [4.2263029e-09 1.7808158e-13 1.4987905e-06 3.5993977e-10 1.4715416e-12
 2.7342587e-10 9.8735109e-09 1.7972390e-13 9.9999845e-01 6.1220629e-12]
Label: dasani    Predictions: [0.0000000e+00 0.0000000e+00 1.0000000e+00 3.2354150e-28 0.0000000e+00
 2.8600503e-36 2.8775345e-31 0.0000000e+00 1.0098720e-36 1.2199101e-28]
Label: dasani    Predictions: [1.4400802e-03 2.6476657e-05 5.4180436e-02 9.7620214e-04 4.6468663e-06
 1.7116711e-04 1.4422511e-02 2.7240101e-06 9.2875594e-01 1.9789330e-05]
Label: dasani    Predictions: [7.4327963e-36 0.0000000e+00 1.0000000e+00 1.2515189e-22 4.8600000e-32
 7.0053776e-30 1.4133788e-27 9.8196963e-36 2.0419289e-28 1.0937782e-22]
Label: dasani    Predictions: [2.0122690e-18 1.5915570e-25 1.0000000e+00 5.2725862e-12 2.0535373e-20
 9.9191507e-16 2.3249431e-17 1.8531976e-23 1.3412955e-12 1.9840137e-14]
Label: dasani    Predictions: [3.83783539e-04 1.20961226e-06 2.62473896e-02 1.02874365e-04
 7.06476897e-07 6.26982874e-05 3.74467112e-03 3.53103530e-07
 9.69453216e-01 3.15093166e-06]
Label: dasani    Predictions: [7.6280084e-36 0.0000000e+00 1.0000000e+00 1.8067540e-26 2.4506426e-31
 3.0751685e-30 4.7696013e-24 2.9966439e-36 1.7693864e-30 1.0485094e-25]
Label: dasani    Predictions: [3.99007136e-28 5.27996132e-35 1.00000000e+00 3.24565870e-23
 1.01535466e-26 5.85159763e-25 4.19039797e-24 2.36840663e-29
 9.79020362e-25 2.42794389e-19]
Label: dasani    Predictions: [0.0000000e+00 0.0000000e+00 1.0000000e+00 2.5810344e-27 2.4911078e-37
 6.1931844e-35 2.3246973e-30 0.0000000e+00 3.4608875e-35 1.5204058e-27]
Label: dasani    Predictions: [0.0000000e+00 0.0000000e+00 1.0000000e+00 9.8062930e-29 1.1056164e-37
 4.7424329e-35 1.1574792e-29 0.0000000e+00 7.6908275e-36 1.1597080e-27]
Label: dasani    Predictions: [1.4319727e-07 3.2024110e-14 6.4099468e-06 7.1721573e-11 2.9144716e-14
 2.2257851e-10 2.9497324e-10 9.0557571e-15 9.9999344e-01 1.3926687e-11]
Label: dasani    Predictions: [2.4260248e-03 1.6156200e-07 1.8684674e-02 3.9779784e-06 1.6100557e-08
 9.5242085e-06 2.1182010e-05 2.0615867e-09 9.7885340e-01 1.0632274e-06]
Label: dasani    Predictions: [4.7767688e-02 3.3075921e-04 7.8725415e-01 3.8467914e-02 1.3047847e-04
 1.4536713e-03 4.9401011e-02 1.0406908e-04 7.4087977e-02 1.0022916e-03]
Label: glue    Predictions: [2.8909741e-05 7.3986495e-04 2.7644935e-09 9.9922895e-01 2.9412957e-09
 1.5917836e-06 5.4015008e-08 3.0257571e-08 2.8988674e-07 3.2316294e-07]
Label: glue    Predictions: [1.05412383e-07 9.64736760e-01 1.28387825e-08 3.52298915e-02
 4.74887081e-08 3.26160043e-05 1.29129560e-07 1.29224915e-07
 2.08460904e-07 1.67310503e-07]
Label: glue    Predictions: [1.49849967e-23 2.04905976e-29 4.43064402e-14 1.00000000e+00
 8.72569163e-29 9.02751916e-18 1.65810897e-27 1.26620656e-25
 1.42764346e-16 1.34656475e-17]
Label: glue    Predictions: [1.0934070e-22 5.8254385e-29 4.2588879e-13 1.0000000e+00 3.7863366e-28
 6.8808870e-18 1.9015110e-26 4.7252655e-25 2.9834663e-16 7.1020225e-17]
Label: glue    Predictions: [1.28940410e-24 5.88453036e-31 1.76028853e-18 1.00000000e+00
 5.48459721e-35 1.00232764e-19 9.66942551e-33 6.97809678e-29
 3.14718373e-21 5.05160220e-22]
Label: glue    Predictions: [3.4644704e-06 7.0855218e-05 6.9468116e-09 9.9992144e-01 9.3155228e-10
 1.5380900e-06 2.8539906e-09 8.6499091e-07 1.1581660e-06 7.0212354e-07]
Label: glue    Predictions: [3.4064098e-13 2.2662116e-14 9.6943452e-08 9.9999762e-01 9.8076013e-17
 1.0204590e-06 3.6391549e-11 3.3383544e-19 1.2172039e-06 2.0642960e-13]
Label: glue    Predictions: [1.1849328e-09 6.5540183e-01 1.5766052e-08 3.4457895e-01 1.2027827e-09
 1.9084922e-05 7.1690494e-09 3.9990300e-09 1.4598516e-09 1.3924171e-07]
Label: glue    Predictions: [4.0851151e-05 4.4130880e-01 1.5219186e-05 5.5779052e-01 6.7337987e-06
 2.2372493e-04 6.7638015e-05 4.7885985e-04 1.4822676e-05 5.2731826e-05]
Label: glue    Predictions: [5.0700351e-06 2.0184852e-04 1.4646288e-08 9.9978524e-01 3.0139697e-09
 2.6344219e-06 7.6905717e-09 2.7679844e-06 1.0326053e-06 1.4415232e-06]
Label: glue    Predictions: [4.6162320e-05 3.7835595e-01 8.4302570e-08 6.2140059e-01 6.1368695e-08
 1.4601932e-04 3.8955154e-08 4.8886235e-05 1.1071123e-06 1.1947120e-06]
Label: glue    Predictions: [3.9023034e-05 1.2842364e-13 4.2625292e-11 9.9996102e-01 1.9026147e-16
 1.6018928e-09 3.6096851e-14 2.0184106e-10 3.0083442e-08 1.5627680e-10]
Label: glue    Predictions: [2.1642126e-15 3.4499450e-21 2.1557814e-13 1.0000000e+00 1.0014280e-22
 1.3104411e-13 1.9967056e-21 3.3555750e-18 2.0040803e-14 2.1749075e-13]
Label: glue    Predictions: [8.9093402e-21 3.2210241e-25 1.1891893e-10 1.0000000e+00 8.1890168e-24
 4.2270061e-15 1.0545147e-24 1.9201450e-23 1.1248198e-14 2.5941404e-14]
Label: glue    Predictions: [2.8274744e-28 1.1276831e-33 4.1303478e-15 1.0000000e+00 2.1167190e-36
 1.2857418e-21 6.1533930e-33 2.6671882e-32 3.1546872e-19 1.1861177e-21]
Label: glue    Predictions: [1.8041550e-06 3.5069367e-01 6.4457835e-09 6.4926612e-01 2.4938185e-08
 3.5334640e-05 1.4503234e-08 9.5552764e-07 1.9690071e-07 1.8555937e-06]
Label: glue    Predictions: [6.3935935e-04 3.1190612e-03 2.4840784e-07 9.9614882e-01 7.4755263e-08
 4.2669300e-05 3.1766336e-07 1.8305971e-05 6.9428467e-07 3.0378269e-05]
Label: glue    Predictions: [2.0291660e-07 9.9273771e-01 1.3990632e-08 7.2506224e-03 5.7121884e-08
 1.0161949e-05 1.1251758e-07 6.4502814e-07 1.5020734e-07 2.0491787e-07]
Label: glue    Predictions: [3.3043230e-24 1.1535951e-30 3.3603019e-18 1.0000000e+00 1.5707778e-33
 1.7005152e-19 1.9978382e-31 2.3651679e-27 1.8693033e-20 2.6431787e-20]
Label: glue    Predictions: [9.7486494e-25 1.3608057e-26 4.0910087e-13 1.0000000e+00 7.0168549e-29
 1.9461321e-15 1.3753570e-24 2.4071596e-32 1.5807135e-11 1.4609261e-22]
Label: spray_bottle    Predictions: [1.1707469e-12 2.2584414e-14 1.7847426e-13 5.3469611e-16 9.9998474e-01
 8.7507840e-12 3.6587731e-09 1.5273128e-05 1.5658128e-10 5.8596199e-09]
Label: spray_bottle    Predictions: [1.3469096e-11 7.4195242e-12 1.9301546e-14 6.5133310e-15 9.8050034e-01
 6.6303789e-11 3.4573381e-07 1.9498888e-02 1.1387409e-09 4.7623845e-07]
Label: spray_bottle    Predictions: [4.6642621e-19 4.2031174e-19 1.2812191e-18 2.0182008e-20 9.9999940e-01
 3.2257217e-16 1.0945882e-13 5.6460527e-07 4.3601325e-16 6.0172882e-12]
Label: spray_bottle    Predictions: [6.7841475e-12 3.1748180e-12 6.3258370e-12 6.3940980e-15 9.9985707e-01
 1.9573761e-10 6.5347372e-08 1.4285021e-04 1.8469817e-10 2.3859417e-09]
Label: spray_bottle    Predictions: [1.3490162e-26 2.6900627e-27 3.9240685e-25 1.3829980e-29 1.0000000e+00
 5.0161542e-22 2.3023652e-18 1.1491371e-15 1.0620287e-22 4.2973809e-19]
Label: spray_bottle    Predictions: [9.1028043e-17 1.3704589e-18 6.7418020e-18 2.9439030e-19 9.9999976e-01
 1.5117033e-14 9.7971960e-12 2.7123261e-07 9.9272922e-15 1.7600326e-11]
Label: spray_bottle    Predictions: [7.1789520e-16 4.6137147e-17 2.1926485e-17 9.0456884e-19 9.9999690e-01
 5.4048420e-14 1.5599383e-10 3.0845426e-06 1.7674704e-13 6.0564824e-11]
Label: spray_bottle    Predictions: [4.5311885e-17 1.4110190e-18 2.8051923e-19 5.7347288e-20 9.9999905e-01
 1.1425664e-15 1.7946079e-11 1.0041243e-06 6.6839344e-15 9.8507782e-12]
Label: spray_bottle    Predictions: [3.2731709e-16 1.9223922e-17 1.2085818e-17 1.8452077e-19 9.9999928e-01
 3.0969581e-14 2.6076755e-11 7.1827418e-07 1.6456546e-14 8.5368441e-11]
Label: spray_bottle    Predictions: [5.8179392e-19 1.2668785e-17 2.6009323e-18 1.5027781e-20 1.0000000e+00
 3.6951937e-16 1.8803955e-13 1.5019069e-09 1.5879922e-16 2.0573679e-12]
Label: spray_bottle    Predictions: [3.51186615e-11 5.02662183e-11 1.44749854e-11 6.93433958e-14
 9.96511877e-01 1.70106818e-10 2.11246788e-06 3.48592340e-03
 8.25022273e-09 5.35725242e-08]
Label: spray_bottle    Predictions: [8.8623591e-13 2.0053642e-14 2.4563347e-14 1.2804163e-17 9.9991000e-01
 4.0327498e-12 8.5379961e-09 8.9947484e-05 2.9020350e-11 1.1594992e-09]
Label: spray_bottle    Predictions: [1.3490162e-26 2.6900627e-27 3.9240685e-25 1.3829980e-29 1.0000000e+00
 5.0161542e-22 2.3023652e-18 1.1491371e-15 1.0620287e-22 4.2973809e-19]
Label: spray_bottle    Predictions: [4.6975579e-10 1.5677083e-11 5.3609790e-12 2.4454651e-14 9.9864787e-01
 1.1136294e-09 5.2929818e-06 1.3459007e-03 3.6133589e-09 9.3076471e-07]
Label: spray_bottle    Predictions: [1.9612629e-14 4.7761488e-16 8.8961119e-14 2.0419835e-17 9.9999833e-01
 5.2700987e-14 4.1248718e-10 1.6502993e-06 1.4774114e-11 5.9803540e-10]
Label: spray_bottle    Predictions: [1.2773253e-11 1.0998659e-11 3.2982273e-13 7.2918052e-12 9.9999237e-01
 2.0058444e-09 2.6682098e-06 4.6565842e-06 8.0269169e-10 3.9330209e-07]
Label: spray_bottle    Predictions: [1.0968712e-13 9.4111249e-14 8.5034500e-16 1.3977785e-16 9.9999249e-01
 1.7574760e-12 6.2744016e-10 7.5308335e-06 1.7967204e-10 9.0863477e-09]
Label: spray_bottle    Predictions: [1.6901597e-21 1.5786658e-17 2.2556351e-21 1.0752410e-21 1.0000000e+00
 2.0301889e-17 3.3519322e-16 4.1970581e-14 8.1585703e-20 1.1605254e-14]
Label: spray_bottle    Predictions: [9.9087688e-20 5.0096384e-20 4.7249898e-20 2.8236475e-21 1.0000000e+00
 1.2588629e-16 4.0526102e-14 1.1920796e-11 1.9598895e-18 3.4136832e-13]
Label: spray_bottle    Predictions: [1.6109708e-10 7.8449400e-12 3.6741430e-12 1.3233456e-13 9.9798715e-01
 1.6071836e-10 1.6756530e-06 2.0108924e-03 2.7366258e-09 2.7092636e-07]
Label: toothbrushes    Predictions: [1.6434864e-20 8.0464397e-19 6.9202050e-13 4.0989429e-10 2.2871166e-18
 1.0000000e+00 3.1548231e-13 6.5671588e-20 2.7064349e-11 2.6664329e-11]
Label: toothbrushes    Predictions: [1.6229951e-20 9.4143804e-20 7.1391677e-13 3.7873105e-10 1.8789343e-19
 1.0000000e+00 2.8452013e-14 9.0722869e-20 4.0763911e-12 2.9835858e-12]
Label: toothbrushes    Predictions: [1.23901599e-22 5.42827058e-21 1.08743403e-14 6.23824907e-12
 1.12763474e-20 1.00000000e+00 1.15903827e-15 2.65366296e-22
 1.10415334e-12 5.76034121e-13]
Label: toothbrushes    Predictions: [3.4507881e-28 1.6956244e-27 2.6321080e-22 6.6426666e-21 1.3863027e-24
 1.0000000e+00 2.8542028e-25 2.3088170e-29 3.2022876e-20 1.2168170e-17]
Label: toothbrushes    Predictions: [3.2193578e-30 2.9610306e-29 1.3704341e-24 2.1669393e-22 1.9850503e-26
 1.0000000e+00 2.6256334e-27 1.0829290e-31 6.4168112e-22 7.4269931e-19]
Label: toothbrushes    Predictions: [2.2716081e-15 4.9176422e-14 2.1262691e-13 2.2840219e-10 1.4826539e-14
 1.0000000e+00 7.2710037e-15 5.0240976e-16 1.1797533e-09 3.2672950e-10]
Label: toothbrushes    Predictions: [2.6884747e-18 7.0643789e-18 1.2044727e-13 4.2951598e-08 4.9282174e-17
 1.0000000e+00 3.4940030e-17 2.6301249e-19 7.2869082e-13 6.9099841e-09]
Label: toothbrushes    Predictions: [1.0539198e-16 1.7600360e-15 6.9128141e-14 1.7818601e-11 9.6201394e-15
 1.0000000e+00 3.7868116e-14 7.1795227e-16 2.4024747e-11 1.1148070e-10]
Label: toothbrushes    Predictions: [8.55433502e-09 1.15391865e-08 6.71598912e-07 1.52451001e-04
 1.10943710e-09 9.99495029e-01 3.49909368e-09 6.42635389e-11
 3.50634451e-04 1.21639505e-06]
Label: toothbrushes    Predictions: [2.3463691e-17 5.9795190e-16 7.2533342e-12 8.4177163e-06 6.6732759e-18
 9.9999154e-01 1.3101469e-14 2.3885889e-17 1.1520189e-09 5.6878700e-11]
Label: toothbrushes    Predictions: [3.2193578e-30 2.9610306e-29 1.3704341e-24 2.1669393e-22 1.9850503e-26
 1.0000000e+00 2.6256334e-27 1.0829290e-31 6.4168112e-22 7.4269931e-19]
Label: toothbrushes    Predictions: [3.8328380e-14 5.7325883e-13 7.3989530e-12 3.9326422e-09 1.3836828e-12
 1.0000000e+00 1.5671525e-12 1.0081743e-14 1.1145828e-08 4.9767968e-10]
Label: toothbrushes    Predictions: [3.2193578e-30 2.9610306e-29 1.3704341e-24 2.1669393e-22 1.9850503e-26
 1.0000000e+00 2.6256334e-27 1.0829290e-31 6.4168112e-22 7.4269931e-19]
Label: toothbrushes    Predictions: [1.5158997e-12 8.5522518e-14 5.5109103e-07 4.2104005e-04 2.3097481e-12
 9.9957830e-01 9.5508375e-09 3.8893750e-13 4.2658566e-08 6.4154108e-08]
Label: toothbrushes    Predictions: [9.3003076e-18 7.4508573e-19 5.3371516e-11 7.5285975e-08 1.9200491e-16
 9.9999988e-01 3.1079992e-16 2.8397017e-19 6.4740116e-11 1.7876769e-08]
Label: toothbrushes    Predictions: [2.4983407e-22 6.8169642e-23 2.3626585e-14 7.8239793e-12 4.6568416e-23
 1.0000000e+00 3.4091917e-14 3.0557209e-23 1.6532243e-15 5.6358462e-18]
Label: toothbrushes    Predictions: [4.0678927e-15 3.3837270e-16 1.8181756e-10 5.9831018e-07 1.2831194e-14
 9.9999940e-01 1.2434037e-12 5.7843329e-15 2.9799617e-08 1.2393692e-08]
Label: toothbrushes    Predictions: [1.4065345e-11 4.3755962e-12 9.6876547e-06 7.7924418e-04 9.4573245e-11
 9.9920827e-01 3.8945598e-07 1.9468396e-12 2.4706967e-06 6.9811094e-08]
Label: toothbrushes    Predictions: [5.5881645e-13 9.1998379e-17 7.9350020e-11 8.4393623e-06 1.2836349e-17
 9.9999058e-01 1.5992514e-08 3.7317042e-17 1.0094658e-06 4.0520000e-14]
Label: toothbrushes    Predictions: [7.2651596e-21 3.2897007e-21 7.4841240e-13 1.9608323e-10 1.5050379e-21
 1.0000000e+00 6.7569051e-14 5.2344124e-22 2.0283342e-14 6.6057076e-18]
Label: toothpaste    Predictions: [1.2590296e-18 3.7267725e-18 3.1076409e-14 1.6655259e-12 3.6244550e-16
 6.0861282e-13 1.0000000e+00 2.1571653e-15 3.1104757e-14 6.2478726e-15]
Label: toothpaste    Predictions: [1.2241112e-19 8.7765104e-19 7.9179615e-15 3.1314307e-13 7.3990333e-17
 1.5334438e-13 1.0000000e+00 3.0901718e-16 8.2693862e-15 9.1750799e-16]
Label: toothpaste    Predictions: [1.31073344e-17 7.19165455e-19 1.15058084e-14 7.07722921e-15
 1.80439734e-12 4.94832122e-08 1.00000000e+00 3.89228686e-16
 2.99416497e-13 3.17486278e-14]
Label: toothpaste    Predictions: [1.31073344e-17 7.19165455e-19 1.15058084e-14 7.07722921e-15
 1.80439734e-12 4.94832122e-08 1.00000000e+00 3.89228686e-16
 2.99416497e-13 3.17486278e-14]
Label: toothpaste    Predictions: [1.44474757e-16 7.04585932e-19 1.38844743e-11 1.86579481e-16
 9.73069542e-12 9.33839051e-09 1.00000000e+00 1.10173384e-16
 2.76417278e-10 5.47380812e-14]
Label: toothpaste    Predictions: [2.5221825e-16 2.9419408e-18 2.6237710e-12 1.7559653e-15 1.2098548e-11
 7.6114866e-09 1.0000000e+00 6.3868905e-16 2.4359659e-10 7.0111024e-14]
Label: toothpaste    Predictions: [1.4998747e-11 4.2489961e-12 7.4831959e-08 6.1845918e-07 3.7007603e-10
 8.2698151e-09 9.9999928e-01 1.3021063e-09 1.3213708e-09 1.1186237e-09]
Label: toothpaste    Predictions: [1.2965262e-16 3.9224499e-18 1.8759048e-11 2.7187687e-15 7.5148270e-11
 2.3964515e-07 9.9999976e-01 2.8817519e-16 3.5685608e-09 1.6337997e-13]
Label: toothpaste    Predictions: [2.1070313e-17 3.0273142e-18 2.5777154e-14 1.2595508e-14 3.5842995e-12
 8.4501288e-08 9.9999988e-01 7.1159635e-16 3.8132098e-13 4.9170696e-14]
Label: toothpaste    Predictions: [3.0996737e-17 1.3778344e-18 2.8834048e-14 6.9902677e-15 2.0448177e-12
 1.5161454e-07 9.9999988e-01 6.9110398e-16 9.0331914e-13 1.0572252e-13]
Label: toothpaste    Predictions: [1.31073344e-17 7.19165455e-19 1.15058084e-14 7.07722921e-15
 1.80439734e-12 4.94832122e-08 1.00000000e+00 3.89228686e-16
 2.99416497e-13 3.17486278e-14]
Label: toothpaste    Predictions: [2.1181170e-07 5.9153557e-11 2.3610378e-09 6.6015964e-08 1.0176589e-05
 6.7845196e-03 9.8943782e-01 7.0206339e-09 3.7671363e-03 2.4370914e-07]
Label: toothpaste    Predictions: [3.9058287e-07 2.0998410e-09 1.2083663e-07 5.7934537e-03 4.4632367e-10
 2.0962008e-04 9.9397111e-01 8.8048810e-06 2.9448979e-06 1.3600160e-05]
Label: toothpaste    Predictions: [1.31073344e-17 7.19165455e-19 1.15058084e-14 7.07722921e-15
 1.80439734e-12 4.94832122e-08 1.00000000e+00 3.89228686e-16
 2.99416497e-13 3.17486278e-14]
Label: toothpaste    Predictions: [6.0064459e-19 4.5147802e-19 5.2483097e-14 1.3753261e-12 1.3270501e-16
 4.0673563e-13 1.0000000e+00 3.1346230e-16 5.8079503e-15 4.1742868e-15]
Label: toothpaste    Predictions: [3.52703775e-18 1.00357106e-19 2.72522152e-12 8.57337845e-09
 6.89855197e-17 6.09678815e-15 1.00000000e+00 4.74600567e-17
 1.00098756e-13 2.80068839e-15]
Label: toothpaste    Predictions: [2.8683447e-20 2.0583862e-18 6.6483691e-14 4.9897166e-09 4.7816810e-16
 4.1203232e-15 1.0000000e+00 9.8560443e-17 1.6113968e-13 2.2950296e-15]
Label: toothpaste    Predictions: [1.6505365e-19 1.0276282e-20 4.5268401e-13 1.2373233e-10 1.8009889e-17
 7.0760141e-15 1.0000000e+00 3.1343223e-17 3.4363741e-15 2.1184459e-15]
Label: toothpaste    Predictions: [1.4038876e-17 4.3799650e-15 2.9215716e-12 2.3664218e-06 2.5732739e-14
 4.1829048e-13 9.9999762e-01 1.0486808e-14 2.3497227e-11 4.8597850e-13]
Label: toothpaste    Predictions: [2.0515452e-08 1.7715905e-05 1.9674438e-07 7.7324861e-05 6.4187915e-08
 4.7799404e-06 9.9989700e-01 5.3729678e-07 4.8431269e-07 1.7604874e-06]
Label: watermelon    Predictions: [7.4468504e-12 3.0132766e-21 1.5427798e-23 2.3047291e-18 9.0737240e-16
 1.6404133e-17 2.8736718e-17 1.0000000e+00 3.7407487e-16 7.6620873e-17]
Label: watermelon    Predictions: [4.0701875e-10 1.0127935e-19 1.0558694e-20 1.2350742e-17 2.2299859e-13
 5.4436293e-16 5.2268091e-15 1.0000000e+00 1.2733729e-14 1.0879937e-15]
Label: watermelon    Predictions: [1.9258722e-10 1.5133865e-20 1.2322857e-21 2.2594288e-17 1.7666079e-15
 9.9963006e-16 5.2226209e-16 1.0000000e+00 8.8027410e-13 6.4908889e-15]
Label: watermelon    Predictions: [2.3291472e-03 1.2007514e-12 1.2896582e-13 1.9331072e-08 1.2799107e-12
 5.3863246e-08 7.1272181e-12 9.9767083e-01 7.1914009e-11 2.0101816e-09]
Label: watermelon    Predictions: [1.1721637e-08 6.5068972e-17 5.6898320e-17 1.2045801e-14 3.3351236e-15
 2.1055456e-13 4.7492002e-14 1.0000000e+00 1.7575394e-16 1.9605248e-11]
Label: watermelon    Predictions: [1.1721637e-08 6.5068972e-17 5.6898320e-17 1.2045801e-14 3.3351236e-15
 2.1055456e-13 4.7492002e-14 1.0000000e+00 1.7575394e-16 1.9605248e-11]
Label: watermelon    Predictions: [1.5236654e-09 2.8419577e-18 1.5974367e-20 7.7128231e-16 3.1388981e-14
 7.6818790e-15 9.0511891e-15 1.0000000e+00 4.0881205e-14 3.6992101e-14]
Label: watermelon    Predictions: [1.8500403e-08 3.3786583e-17 6.5014101e-18 2.8085107e-14 9.3315905e-16
 1.6445247e-12 1.2461169e-14 1.0000000e+00 1.8305809e-15 3.9327656e-11]
Label: watermelon    Predictions: [9.0103801e-12 3.2615362e-21 1.5686362e-23 2.3171856e-18 9.2473583e-16
 1.7080911e-17 2.6786079e-17 1.0000000e+00 3.3715659e-16 6.7651476e-17]
Label: watermelon    Predictions: [2.5813733e-09 1.5849752e-20 9.4524429e-22 3.5658102e-18 3.3657098e-14
 2.0514196e-16 1.1782025e-15 1.0000000e+00 4.0557266e-14 2.9786898e-16]
Label: watermelon    Predictions: [7.4468504e-12 3.0132766e-21 1.5427798e-23 2.3047291e-18 9.0737240e-16
 1.6404133e-17 2.8736718e-17 1.0000000e+00 3.7407487e-16 7.6620873e-17]
Label: watermelon    Predictions: [8.4674657e-06 3.1554542e-12 7.3153567e-12 3.3517815e-09 1.5085993e-11
 1.8066474e-09 4.2156043e-10 9.9999154e-01 3.6556188e-12 3.7487251e-08]
Label: watermelon    Predictions: [1.9934648e-06 3.5603853e-15 7.7339063e-15 9.3856953e-12 3.1726771e-14
 3.9254509e-11 1.4469640e-13 9.9999797e-01 1.8591643e-14 1.3788135e-09]
Label: watermelon    Predictions: [2.68078904e-04 1.60294798e-11 3.70580872e-10 1.10169331e-07
 4.26447939e-11 2.61029562e-08 3.76003584e-09 9.99731719e-01
 2.18220067e-10 1.08254646e-07]
Label: watermelon    Predictions: [3.6311643e-10 4.2698838e-17 1.1071497e-20 3.3120233e-15 3.0793324e-17
 1.1035568e-13 9.3307316e-17 1.0000000e+00 1.8701630e-16 2.7477312e-13]
Label: watermelon    Predictions: [2.8598386e-09 2.7955512e-17 1.1672279e-17 7.3737945e-15 8.0138279e-16
 9.9478849e-14 1.2568056e-14 1.0000000e+00 4.2554446e-17 5.9642959e-12]
Label: watermelon    Predictions: [5.5495908e-05 3.0132936e-13 1.6009872e-16 5.6378326e-11 1.5042351e-12
 2.3415582e-11 1.1218196e-11 9.9994445e-01 2.7889075e-11 1.3412377e-10]
Label: watermelon    Predictions: [5.7471198e-07 5.5626111e-15 1.1746386e-15 4.3729178e-12 3.3729022e-12
 2.2857311e-12 3.2952165e-11 9.9999940e-01 5.0408379e-11 1.3335438e-10]
Label: watermelon    Predictions: [9.0361951e-08 9.0867821e-16 1.0545385e-17 1.9700737e-13 2.1833018e-14
 5.6264754e-12 4.0477409e-15 9.9999988e-01 7.0831161e-15 7.4819005e-12]
Label: watermelon    Predictions: [5.9383076e-10 1.1316256e-19 3.6929862e-21 7.2177438e-17 2.4143285e-13
 6.4343566e-16 5.6042753e-15 1.0000000e+00 4.9389143e-14 1.0435037e-14]
Label: wipes    Predictions: [8.7541215e-16 1.2845835e-23 2.1113330e-20 2.8566308e-18 1.1375074e-19
 5.3240785e-18 5.8353264e-17 2.7642310e-21 1.0000000e+00 3.7560604e-25]
Label: wipes    Predictions: [6.8977226e-21 1.8622325e-31 7.2906102e-23 2.0417077e-16 5.0300873e-21
 4.7781981e-16 5.2244925e-24 9.9479099e-24 1.0000000e+00 3.1881469e-21]
Label: wipes    Predictions: [1.3680051e-32 0.0000000e+00 1.1781093e-28 4.2602208e-24 1.0784241e-37
 3.0435178e-23 0.0000000e+00 0.0000000e+00 1.0000000e+00 1.6615436e-31]
Label: wipes    Predictions: [1.3536540e-21 4.8307796e-31 3.3726651e-20 4.7096620e-18 1.6116222e-23
 3.2142985e-17 1.6401144e-23 5.9924870e-26 1.0000000e+00 9.3580324e-18]
Label: wipes    Predictions: [1.1186921e-14 7.8812069e-20 1.0580208e-12 2.7770551e-11 2.0972885e-17
 2.8343432e-09 1.8291396e-11 6.2804748e-20 1.0000000e+00 7.0707559e-14]
Label: wipes    Predictions: [9.0423360e-34 0.0000000e+00 5.5446395e-26 3.5470078e-25 1.6932886e-37
 1.0951633e-24 0.0000000e+00 1.6214525e-37 1.0000000e+00 4.7421485e-33]
Label: wipes    Predictions: [1.7575470e-15 2.1039940e-26 8.1477197e-19 5.6184239e-23 1.8414217e-16
 9.2539228e-16 7.1323094e-09 2.7176701e-15 1.0000000e+00 2.5546769e-14]
Label: wipes    Predictions: [2.4236895e-32 0.0000000e+00 6.2538851e-29 5.0838228e-24 9.8002274e-38
 5.2950408e-23 0.0000000e+00 0.0000000e+00 1.0000000e+00 3.5900674e-31]
Label: wipes    Predictions: [1.7023573e-28 0.0000000e+00 2.4384641e-31 1.6118834e-27 1.7026934e-30
 1.3465755e-24 5.6776504e-31 3.6054433e-36 1.0000000e+00 3.4478598e-32]
Label: wipes    Predictions: [2.9711560e-30 0.0000000e+00 1.0177791e-32 2.1907118e-28 1.1586178e-31
 1.6917883e-25 3.2275927e-32 7.9630310e-38 1.0000000e+00 1.4369577e-33]
Label: wipes    Predictions: [1.1445528e-09 4.0326738e-11 2.8254660e-10 4.3585700e-08 1.4009900e-10
 1.2978144e-07 2.4475657e-06 9.0128833e-12 9.9999738e-01 4.8931328e-11]
Label: wipes    Predictions: [9.1219045e-14 2.3325183e-19 1.6958619e-14 4.5069387e-13 6.0956684e-16
 3.8812822e-10 8.7990901e-15 3.7978456e-16 1.0000000e+00 3.7803080e-11]
Label: wipes    Predictions: [1.0911680e-32 0.0000000e+00 2.1326138e-35 9.4144045e-30 2.2008067e-34
 2.1368336e-26 2.2394758e-34 0.0000000e+00 1.0000000e+00 1.2595100e-33]
Label: wipes    Predictions: [9.7192074e-17 3.5441945e-25 2.8944907e-22 1.3764545e-16 4.9374653e-21
 3.9570646e-17 1.8860868e-19 5.6689728e-23 1.0000000e+00 9.0974533e-26]
Label: wipes    Predictions: [1.9782981e-20 1.9006766e-19 6.5754846e-19 4.7302470e-16 4.1989514e-20
 1.8142829e-14 5.6812438e-13 5.4504074e-22 1.0000000e+00 3.3259360e-16]
Label: wipes    Predictions: [2.4866268e-37 0.0000000e+00 0.0000000e+00 2.6774750e-31 8.1124094e-38
 3.2654676e-30 0.0000000e+00 0.0000000e+00 1.0000000e+00 1.3654624e-37]
Label: wipes    Predictions: [6.4046343e-29 0.0000000e+00 2.9218837e-28 8.1356365e-27 9.6506316e-33
 5.9251638e-24 4.5804749e-34 0.0000000e+00 1.0000000e+00 4.1788557e-32]
Label: wipes    Predictions: [3.0826617e-30 0.0000000e+00 0.0000000e+00 1.0554488e-31 1.8969947e-36
 1.2183847e-28 3.8522612e-36 0.0000000e+00 1.0000000e+00 4.4575615e-38]
Label: wipes    Predictions: [7.4520766e-20 3.1936918e-32 5.0567756e-27 7.7249155e-26 1.0557579e-25
 5.1253119e-19 4.3423593e-23 1.3374763e-27 1.0000000e+00 2.3682152e-23]
Label: wipes    Predictions: [2.4236895e-32 0.0000000e+00 6.2538851e-29 5.0838228e-24 9.8002274e-38
 5.2950408e-23 0.0000000e+00 0.0000000e+00 1.0000000e+00 3.5900674e-31]
Label: zoink    Predictions: [1.88189571e-35 0.00000000e+00 1.07745683e-31 8.28934407e-38
 2.21909741e-29 9.47179054e-22 1.05064534e-29 1.42319771e-28
 3.54997484e-31 1.00000000e+00]
Label: zoink    Predictions: [4.79904814e-17 7.13723639e-24 8.65532507e-11 8.68660366e-10
 1.21168171e-11 1.31888955e-05 9.90547460e-18 1.10148774e-13
 2.67695086e-15 9.99986768e-01]
Label: zoink    Predictions: [2.5689153e-33 7.4519231e-38 9.9171512e-30 8.2510527e-36 8.4972039e-28
 1.4291056e-21 5.8119432e-29 4.4356248e-25 3.2481951e-32 1.0000000e+00]
Label: zoink    Predictions: [6.0923726e-37 0.0000000e+00 2.5596868e-36 0.0000000e+00 7.6298023e-31
 1.4050928e-22 1.3379488e-30 8.4694340e-29 3.2340230e-34 1.0000000e+00]
Label: zoink    Predictions: [1.5408666e-10 1.1856924e-21 5.2177169e-14 1.8843330e-14 1.8077671e-11
 2.9771603e-13 5.8733790e-10 1.3994759e-07 1.2977146e-15 9.9999988e-01]
Label: zoink    Predictions: [0.0000000e+00 0.0000000e+00 1.1127005e-35 0.0000000e+00 5.0173343e-32
 5.0498346e-20 6.9537419e-33 4.3934924e-32 6.9827923e-34 1.0000000e+00]
Label: zoink    Predictions: [1.7251086e-11 2.2635993e-21 7.9427248e-14 8.5712534e-16 1.5850026e-12
 5.3530070e-14 1.5477887e-10 1.6043603e-07 7.3524955e-17 9.9999988e-01]
Label: zoink    Predictions: [2.1744033e-34 0.0000000e+00 2.6782604e-32 2.9499601e-36 2.1541730e-29
 1.5471966e-20 2.5753544e-31 6.3639693e-27 6.6191995e-34 1.0000000e+00]
Label: zoink    Predictions: [5.8215490e-37 0.0000000e+00 7.4131029e-32 1.7895144e-36 1.2020670e-25
 3.4528680e-21 5.2461170e-33 8.4132107e-29 4.0582793e-33 1.0000000e+00]
Label: zoink    Predictions: [5.3544235e-17 1.5980664e-23 9.6367692e-11 6.6582316e-11 3.9626067e-12
 2.3936105e-05 2.4717163e-17 1.8975254e-13 9.0664480e-16 9.9997604e-01]
Label: zoink    Predictions: [5.7340643e-17 7.6093389e-24 5.6256527e-11 7.4205060e-12 3.1315373e-10
 1.4110408e-08 9.6247494e-18 5.4504192e-14 4.9135238e-15 1.0000000e+00]
Label: zoink    Predictions: [2.8999644e-35 0.0000000e+00 2.3817542e-35 0.0000000e+00 1.5037405e-29
 6.0975047e-24 1.6363669e-28 3.5603704e-27 1.3554285e-33 1.0000000e+00]
Label: zoink    Predictions: [0.0000000e+00 0.0000000e+00 1.1127005e-35 0.0000000e+00 5.0173343e-32
 5.0498346e-20 6.9537419e-33 4.3934924e-32 6.9827923e-34 1.0000000e+00]
Label: zoink    Predictions: [0.0000000e+00 0.0000000e+00 1.1127005e-35 0.0000000e+00 5.0173343e-32
 5.0498346e-20 6.9537419e-33 4.3934924e-32 6.9827923e-34 1.0000000e+00]
Label: zoink    Predictions: [2.1744033e-34 0.0000000e+00 2.6782604e-32 2.9499601e-36 2.1541730e-29
 1.5471966e-20 2.5753544e-31 6.3639693e-27 6.6191995e-34 1.0000000e+00]
Label: zoink    Predictions: [6.0689943e-21 3.3047738e-26 3.8578787e-21 2.8646631e-25 2.2412546e-18
 4.1588438e-20 5.9603171e-19 5.1036636e-16 7.0478878e-23 1.0000000e+00]
Label: zoink    Predictions: [1.4013840e-36 0.0000000e+00 4.2301388e-36 0.0000000e+00 3.6101731e-31
 1.6051010e-22 5.9256433e-30 1.8187568e-28 3.8038715e-34 1.0000000e+00]
Label: zoink    Predictions: [3.2840562e-30 1.5869346e-36 2.9664025e-28 3.5009421e-31 3.3836877e-25
 2.1567188e-17 1.4510166e-31 9.9992291e-25 1.6036762e-28 1.0000000e+00]
Label: zoink    Predictions: [1.6706284e-28 1.2385798e-32 1.3615683e-27 1.0384991e-31 1.5254632e-23
 8.9826562e-18 1.0653148e-23 5.5871204e-20 4.2986896e-28 1.0000000e+00]
Label: zoink    Predictions: [1.8847356e-18 1.1629587e-21 6.2720848e-12 4.9955152e-13 9.3028470e-14
 3.8032905e-08 5.9194045e-16 1.5652399e-13 5.7722040e-18 1.0000000e+00]
